[gd_scene load_steps=22 format=3 uid="uid://cqifx2uabakil"]

[ext_resource type="PackedScene" path="res://objects/Gameplay/Common/HQ_PlayerSpawner.tscn" id="1_j0jn4"]
[ext_resource type="PackedScene" uid="uid://jv31so3xcr7p" path="res://addons/bf_portal/portal_tools/types/PolygonVolume/PolygonVolume.tscn" id="2_qcc4f"]
[ext_resource type="PackedScene" path="res://objects/entities/SpawnPoint.tscn" id="3_6t26p"]
[ext_resource type="PackedScene" path="res://addons/bf_portal/portal_tools/types/PolygonVolume/AreaTrigger.tscn" id="4_lgord"]
[ext_resource type="PackedScene" path="res://objects/Global/Generic/Common/Props/FlagPole_01_USA.tscn" id="5_8cmoe"]
[ext_resource type="PackedScene" path="res://objects/Gameplay/Common/InteractPoint.tscn" id="6_8jvfh"]
[ext_resource type="Script" uid="uid://47t74odumpid" path="res://scripts/Gameplay/Common/WorldIcon.gd" id="7_umulf"]
[ext_resource type="PackedScene" path="res://objects/Gameplay/Common/WorldIcon.tscn" id="8_tl3d3"]
[ext_resource type="PackedScene" path="res://addons/bf_portal/portal_tools/VehicleSpawner.tscn" id="9_qn143"]
[ext_resource type="PackedScene" path="res://objects/Gameplay/Conquest/CapturePoint.tscn" id="10_tlp4v"]
[ext_resource type="PackedScene" path="res://objects/Gameplay/Common/CombatArea.tscn" id="11_tegug"]
[ext_resource type="PackedScene" path="res://objects/Gameplay/Common/DeployCam.tscn" id="12_cl7xv"]
[ext_resource type="PackedScene" path="res://static/MP_Badlands_Terrain.tscn" id="13_1f1o6"]
[ext_resource type="PackedScene" path="res://static/MP_Badlands_Assets.tscn" id="14_jke5q"]
[ext_resource type="PackedScene" path="res://objects/Gameplay/Common/Sector.tscn" id="15_n7bqs"]
[ext_resource type="PackedScene" path="res://objects/Global/Props/BarrierStoneBlock_01_F.tscn" id="16_ytwlr"]
[ext_resource type="PackedScene" path="res://objects/Global/Props/BarrierStoneBlock_01_A.tscn" id="17_pj4hj"]
[ext_resource type="PackedScene" path="res://objects/Shared/Generic/Military/Architecture/CoverMedium_01.tscn" id="18_usdaa"]
[ext_resource type="PackedScene" path="res://objects/Gameplay/Common/StationaryEmplacementSpawner.tscn" id="19_rffe7"]
[ext_resource type="PackedScene" path="res://objects/Global/Props/BarrierStoneBlock_01_G.tscn" id="20_4xisl"]
[ext_resource type="PackedScene" path="res://objects/Shared/Uncategorized/GM1083CargoTruck_01_Canopy.tscn" id="21_b3ilu"]

[node name="MP_Badlands" type="Node3D"]

[node name="TEAM_1_HQ" parent="." node_paths=PackedStringArray("HQArea", "InfantrySpawns") instance=ExtResource("1_j0jn4")]
transform = Transform3D(1, 0, 0, 0, 1, 0, 0, 0, 1, -114.19, 69.877, -87.7127)
AltTeam = 0
ObjId = 1
HQArea = NodePath("HQ_Team1")
InfantrySpawns = [NodePath("SpawnPoint_1_1"), NodePath("SpawnPoint_1_2"), NodePath("SpawnPoint_1_3"), NodePath("SpawnPoint_1_4")]

[node name="HQ_Team1" parent="TEAM_1_HQ" instance=ExtResource("2_qcc4f")]
transform = Transform3D(1, 0, 0, 0, 1, 0, 0, 0, 1, -9.734, 0, -9.131)
points = PackedVector2Array(36.3074, -34.7718, -17.1979, -100.081, -41.0726, -43.8737, -35.6885, 54.4757, 57.6518, 124.251)

[node name="SpawnPoint_1_1" parent="TEAM_1_HQ" instance=ExtResource("3_6t26p")]
transform = Transform3D(-0.168421, 0, 0.985715, 0, 1, 0, -0.985715, 0, -0.168421, 0.441681, 0.0639801, -9.59241)

[node name="SpawnPoint_1_2" parent="TEAM_1_HQ" instance=ExtResource("3_6t26p")]
transform = Transform3D(-0.9995, 0, -0.0316198, 0, 1, 0, 0.0316198, 0, -0.9995, 18.5444, -0.284744, -19.3982)

[node name="SpawnPoint_1_3" parent="TEAM_1_HQ" instance=ExtResource("3_6t26p")]
transform = Transform3D(-0.0428871, 0, 0.99908, 0, 1, 0, -0.99908, 0, -0.0428871, 20.3849, -0.519478, 24.7836)

[node name="SpawnPoint_1_4" parent="TEAM_1_HQ" instance=ExtResource("3_6t26p")]
transform = Transform3D(-0.0975304, 0, 0.995232, 0, 1, 0, -0.995232, 0, -0.0975304, 20.4692, -0.381584, 13.2883)

[node name="AreaTrigger_HQ1" parent="TEAM_1_HQ" node_paths=PackedStringArray("Area") instance=ExtResource("4_lgord")]
ObjId = 7001
Area = NodePath("../HQ_Team1")

[node name="InteractArea" parent="TEAM_1_HQ" instance=ExtResource("5_8cmoe")]
transform = Transform3D(-4.37114e-08, 0, 1, 0, 1, 0, -1, 0, -4.37114e-08, 0, 0, 0)

[node name="InteractPointChangeTeam" parent="TEAM_1_HQ/InteractArea" instance=ExtResource("6_8jvfh")]
transform = Transform3D(1, 0, 0, 0, 1, 0, 0, 0, 1, 3, 1, 0)
ObjId = 2001

[node name="WorldIcon" type="Node3D" parent="TEAM_1_HQ/InteractArea/InteractPointChangeTeam"]
script = ExtResource("7_umulf")
ObjId = 5001
iconTextVisible = true
iconColor = [0.0, 1.0, 0.0]
iconImagePicker = 6
iconImageVisible = true
iconTeamOwnerId = 1

[node name="InteractPointReady" parent="TEAM_1_HQ/InteractArea" instance=ExtResource("6_8jvfh")]
transform = Transform3D(1, 0, 0, 0, 1, 0, 0, 0, 1, -3, 1, 0)
ObjId = 2002

[node name="WorldIcon" type="Node3D" parent="TEAM_1_HQ/InteractArea/InteractPointReady"]
script = ExtResource("7_umulf")
ObjId = 5002
iconTextVisible = true
iconColor = [0.0, 0.5, 1.0]
iconImagePicker = 7
iconImageVisible = true
iconTeamOwnerId = 1

[node name="WorldIcon" parent="TEAM_1_HQ/InteractArea" instance=ExtResource("8_tl3d3")]
transform = Transform3D(1, 0, 0, 0, 1, 0, 0, 0, 1, 0, 2, 0)
ObjId = 5011
iconTextVisible = true
iconColor = [0.0, 0.0, 1.0]
iconImagePicker = 7
iconTeamOwnerId = 1

[node name="MBTSpawner" parent="TEAM_1_HQ" instance=ExtResource("9_qn143")]
transform = Transform3D(-4.37114e-08, 0, 1, 0, 1, 0, -1, 0, -4.37114e-08, 0, 0.6483, 7.1242)
ObjId = 701
P_DefaultRespawnTime = 120

[node name="TransportSpawner" parent="TEAM_1_HQ" instance=ExtResource("9_qn143")]
transform = Transform3D(-4.37114e-08, 0, 1, 0, 1, 0, -1, 0, -4.37114e-08, 0, 0.6483, 11.783)
ObjId = 703
VehicleType = 12
P_DefaultRespawnTime = 30

[node name="TEAM_2_HQ" parent="." node_paths=PackedStringArray("HQArea", "InfantrySpawns") instance=ExtResource("1_j0jn4")]
transform = Transform3D(1, 0, 0, 0, 1, 0, 0, 0, 1, 93.4607, 70.9688, -106.524)
Team = 2
AltTeam = 0
ObjId = 2
HQArea = NodePath("HQ_Team2")
InfantrySpawns = [NodePath("SpawnPoint_2_1"), NodePath("SpawnPoint_2_2"), NodePath("SpawnPoint_2_3"), NodePath("SpawnPoint_2_4")]

[node name="HQ_Team2" parent="TEAM_2_HQ" instance=ExtResource("2_qcc4f")]
transform = Transform3D(1, 0, 0, 0, 1, 0, 0, 0, 1, 2.575, -1.02528, 8.20355)
points = PackedVector2Array(48.2625, 27.3967, 22.0371, -40.9532, -23.737, -94.5273, -62.7125, -29.5409, -3.17998, 40.8331, 19.3299, 96.7916)

[node name="SpawnPoint_2_1" parent="TEAM_2_HQ" instance=ExtResource("3_6t26p")]
transform = Transform3D(0.999994, 0, -0.00349122, 0, 1, 0, 0.00349122, 0, 0.999994, 4.25604, -3.26797, 25.4882)

[node name="SpawnPoint_2_2" parent="TEAM_2_HQ" instance=ExtResource("3_6t26p")]
transform = Transform3D(0.468932, 0, -0.883234, 0, 1, 0, 0.883234, 0, 0.468932, 15.1608, 0.0678406, 5.81699)

[node name="SpawnPoint_2_3" parent="TEAM_2_HQ" instance=ExtResource("3_6t26p")]
transform = Transform3D(0.932122, 0, -0.362145, 0, 1, 0, 0.362145, 0, 0.932122, -25.774, -4.63324, -1.83972)

[node name="SpawnPoint_2_4" parent="TEAM_2_HQ" instance=ExtResource("3_6t26p")]
transform = Transform3D(-0.85503, 0, -0.518579, 0, 1, 0, 0.518579, 0, -0.85503, 3.68866, -2.3357, 21.4321)

[node name="AreaTrigger_HQ2" parent="TEAM_2_HQ" node_paths=PackedStringArray("Area") instance=ExtResource("4_lgord")]
ObjId = 7002
Area = NodePath("../HQ_Team2")

[node name="InteractArea" parent="TEAM_2_HQ" instance=ExtResource("5_8cmoe")]
transform = Transform3D(-4.37114e-08, 0, 1, 0, 1, 0, -1, 0, -4.37114e-08, 0, 0, 0)

[node name="InteractPointChangeTeam" parent="TEAM_2_HQ/InteractArea" instance=ExtResource("6_8jvfh")]
transform = Transform3D(1, 0, 0, 0, 1, 0, 0, 0, 1, -3, 1, 0)
ObjId = 2003

[node name="WorldIcon" type="Node3D" parent="TEAM_2_HQ/InteractArea/InteractPointChangeTeam"]
script = ExtResource("7_umulf")
ObjId = 5003
iconTextVisible = true
iconColor = [0.0, 1.0, 0.0]
iconImagePicker = 6
iconImageVisible = true
iconTeamOwnerId = 2

[node name="InteractPointReady" parent="TEAM_2_HQ/InteractArea" instance=ExtResource("6_8jvfh")]
transform = Transform3D(-4.37114e-08, 0, 1, 0, 1, 0, -1, 0, -4.37114e-08, 3, 1, 0)
ObjId = 2004

[node name="WorldIcon" type="Node3D" parent="TEAM_2_HQ/InteractArea/InteractPointReady"]
script = ExtResource("7_umulf")
ObjId = 5004
iconTextVisible = true
iconColor = [0.0, 0.5, 1.0]
iconImagePicker = 7
iconImageVisible = true
iconTeamOwnerId = 2

[node name="WorldIcon" parent="TEAM_2_HQ/InteractArea" instance=ExtResource("8_tl3d3")]
transform = Transform3D(1, 0, 0, 0, 1, 0, 0, 0, 1, 0, 2, 0)
ObjId = 5012
iconTextVisible = true
iconColor = [0.0, 0.0, 1.0]
iconImagePicker = 7
iconTeamOwnerId = 2

[node name="ΜΒΤSpawner2" parent="TEAM_2_HQ" instance=ExtResource("9_qn143")]
transform = Transform3D(-4.37114e-08, 0, -1, 0, 1, 0, 1, 0, -4.37114e-08, 6.9349, 0.0818939, 10.5954)
ObjId = 702
VehicleType = 1
P_DefaultRespawnTime = 120

[node name="TransportSpawner2" parent="TEAM_2_HQ" instance=ExtResource("9_qn143")]
transform = Transform3D(-4.37114e-08, 0, -1, 0, 1, 0, 1, 0, -4.37114e-08, 7.99247, 0, -6.29233)
ObjId = 704
VehicleType = 8
P_DefaultRespawnTime = 30

[node name="CapturePointA" parent="." node_paths=PackedStringArray("CaptureArea", "InfantrySpawnPoints_Team1", "InfantrySpawnPoints_Team2") instance=ExtResource("10_tlp4v")]
transform = Transform3D(1, 0, 0, 0, 1, 0, 0, 0, 1, -63.3859, 70.802, -164.947)
ObjId = 201
CaptureArea = NodePath("CaptureArea")
InfantrySpawnPoints_Team1 = [NodePath("Team1/SpawnPoint"), NodePath("Team1/SpawnPoint2"), NodePath("Team1/SpawnPoint3"), NodePath("Team1/SpawnPoint4"), NodePath("Team1/SpawnPoint5")]
InfantrySpawnPoints_Team2 = [NodePath("Team2/SpawnPoint"), NodePath("Team2/SpawnPoint2"), NodePath("Team2/SpawnPoint3"), NodePath("Team2/SpawnPoint4"), NodePath("Team2/SpawnPoint5")]

[node name="Team1" type="Node3D" parent="CapturePointA"]

[node name="SpawnPoint" parent="CapturePointA/Team1" instance=ExtResource("3_6t26p")]
transform = Transform3D(0.442085, 0, 0.896973, 0, 1, 0, -0.896973, 0, 0.442085, -37.6642, 0.746941, -17.9229)

[node name="SpawnPoint2" parent="CapturePointA/Team1" instance=ExtResource("3_6t26p")]
transform = Transform3D(-0.843981, 0, 0.536372, 0, 1, 0, -0.536372, 0, -0.843981, -51.3761, -0.323616, 33.5822)

[node name="SpawnPoint3" parent="CapturePointA/Team1" instance=ExtResource("3_6t26p")]
transform = Transform3D(1, 0, 0, 0, 1, 0, 0, 0, 1, -29.565, 8.66704, -46.717)

[node name="SpawnPoint4" parent="CapturePointA/Team1" instance=ExtResource("3_6t26p")]
transform = Transform3D(-0.932891, 0, 0.36016, 0, 1, 0, -0.36016, 0, -0.932891, -35.1908, 0.580833, -19.4939)

[node name="SpawnPoint5" parent="CapturePointA/Team1" instance=ExtResource("3_6t26p")]
transform = Transform3D(-0.956126, 0, -0.292955, 0, 1, 0, 0.292955, 0, -0.956126, -0.787849, 0.0940552, 44.9224)

[node name="Team2" type="Node3D" parent="CapturePointA"]

[node name="SpawnPoint" parent="CapturePointA/Team2" instance=ExtResource("3_6t26p")]
transform = Transform3D(-0.709681, 0, -0.704523, 0, 1, 0, 0.704523, 0, -0.709681, 40.7493, 0.320747, 16.152)

[node name="SpawnPoint2" parent="CapturePointA/Team2" instance=ExtResource("3_6t26p")]
transform = Transform3D(0.281672, 0, -0.959511, 0, 1, 0, 0.959511, 0, 0.281672, 20.1436, 0.799362, -22.4222)

[node name="SpawnPoint3" parent="CapturePointA/Team2" instance=ExtResource("3_6t26p")]
transform = Transform3D(0.982091, 0, -0.18841, 0, 1, 0, 0.18841, 0, 0.982091, -0.0608101, 1.12925, -59.1932)

[node name="SpawnPoint4" parent="CapturePointA/Team2" instance=ExtResource("3_6t26p")]
transform = Transform3D(0.073186, 0, -0.997318, 0, 1, 0, 0.997318, 0, 0.073186, 9.84438, 1.21352, -58.6071)

[node name="SpawnPoint5" parent="CapturePointA/Team2" instance=ExtResource("3_6t26p")]
transform = Transform3D(0.9807, 0, 0.195518, 0, 1, 0, -0.195518, 0, 0.9807, 37.2839, 0.719589, -2.43385)

[node name="CaptureArea" parent="CapturePointA" instance=ExtResource("2_qcc4f")]
transform = Transform3D(1, 0, 0, 0, 1, 0, 0, 0, 1, -0.982933, -0.769157, -0.714874)
points = PackedVector2Array(1.93186, -10.7259, -10.051, -3.10406, 0.150681, 13.0442, 12.577, 5.39867)
height = 4.0

[node name="CapturePointB" parent="." node_paths=PackedStringArray("CaptureArea", "InfantrySpawnPoints_Team1", "InfantrySpawnPoints_Team2") instance=ExtResource("10_tlp4v")]
transform = Transform3D(1, 0, 0, 0, 1, 0, 0, 0, 1, -5.94007, 69.67, -83.4458)
ObjId = 202
CaptureArea = NodePath("CaptureArea")
InfantrySpawnPoints_Team1 = [NodePath("Team1/SpawnPoint"), NodePath("Team1/SpawnPoint2"), NodePath("Team1/SpawnPoint3"), NodePath("Team1/SpawnPoint4"), NodePath("Team1/SpawnPoint5")]
InfantrySpawnPoints_Team2 = [NodePath("Team2/SpawnPoint"), NodePath("Team2/SpawnPoint2"), NodePath("Team2/SpawnPoint3"), NodePath("Team2/SpawnPoint4"), NodePath("Team2/SpawnPoint5")]

[node name="Team1" type="Node3D" parent="CapturePointB"]

[node name="SpawnPoint" parent="CapturePointB/Team1" instance=ExtResource("3_6t26p")]
transform = Transform3D(-0.956727, 0, 0.290986, 0, 1, 0, -0.290986, 0, -0.956727, -44.5792, 0.166718, 9.75994)

[node name="SpawnPoint2" parent="CapturePointB/Team1" instance=ExtResource("3_6t26p")]
transform = Transform3D(0.324496, 0, 0.945888, 0, 1, 0, -0.945888, 0, 0.324496, -33.1261, 0.168159, 42.6134)

[node name="SpawnPoint3" parent="CapturePointB/Team1" instance=ExtResource("3_6t26p")]
transform = Transform3D(1, 0, 0, 0, 1, 0, 0, 0, 1, -27.484, 0.896057, -27.4884)

[node name="SpawnPoint4" parent="CapturePointB/Team1" instance=ExtResource("3_6t26p")]
transform = Transform3D(0.258802, 0, 0.965931, 0, 1, 0, -0.965931, 0, 0.258802, -35.822, 1.16563, -15.173)

[node name="SpawnPoint5" parent="CapturePointB/Team1" instance=ExtResource("3_6t26p")]
transform = Transform3D(-0.845262, 0, 0.534353, 0, 1, 0, -0.534353, 0, -0.845262, -23.5886, 0.363647, 47.1121)

[node name="Team2" type="Node3D" parent="CapturePointB"]

[node name="SpawnPoint" parent="CapturePointB/Team2" instance=ExtResource("3_6t26p")]
transform = Transform3D(-0.935826, 0, -0.352462, 0, 1, 0, 0.352462, 0, -0.935826, 29.2506, 1.05029, -4.02125)

[node name="SpawnPoint2" parent="CapturePointB/Team2" instance=ExtResource("3_6t26p")]
transform = Transform3D(1, 0, 0, 0, 1, 0, 0, 0, 1, 27.8842, 1.47089, -35.8257)

[node name="SpawnPoint3" parent="CapturePointB/Team2" instance=ExtResource("3_6t26p")]
transform = Transform3D(-0.741543, 0, -0.670905, 0, 1, 0, 0.670905, 0, -0.741543, 20.1579, 1.2307, 22.4344)

[node name="SpawnPoint4" parent="CapturePointB/Team2" instance=ExtResource("3_6t26p")]
transform = Transform3D(-0.116099, 0, 0.993238, 0, 1, 0, -0.993238, 0, -0.116099, 0.595806, 1.48993, -48.7922)

[node name="SpawnPoint5" parent="CapturePointB/Team2" instance=ExtResource("3_6t26p")]
transform = Transform3D(0.274698, 0, -0.96153, 0, 1, 0, 0.96153, 0, 0.274698, 25.7604, 0.631836, 10.0752)

[node name="CaptureArea" parent="CapturePointB" instance=ExtResource("2_qcc4f")]
transform = Transform3D(1, 0, 0, 0, 1, 0, 0, 0, 1, -6.56628, 0, 4.99429)
points = PackedVector2Array(5.879, -15.092, -0.902222, 1.69569, 7.03678, 5.08631, 14.3142, -11.4533)
height = 5.0

[node name="CapturePointC" parent="." node_paths=PackedStringArray("CaptureArea", "InfantrySpawnPoints_Team1", "InfantrySpawnPoints_Team2") instance=ExtResource("10_tlp4v")]
transform = Transform3D(1, 0, 0, 0, 1, 0, 0, 0, 1, 64.8732, 70.3811, -16.2205)
ObjId = 203
CaptureArea = NodePath("CaptureArea")
InfantrySpawnPoints_Team1 = [NodePath("Team1/SpawnPoint"), NodePath("Team1/SpawnPoint2"), NodePath("Team1/SpawnPoint3"), NodePath("Team1/SpawnPoint4"), NodePath("Team1/SpawnPoint5")]
InfantrySpawnPoints_Team2 = [NodePath("Team2/SpawnPoint"), NodePath("Team2/SpawnPoint2"), NodePath("Team2/SpawnPoint3"), NodePath("Team2/SpawnPoint4"), NodePath("Team2/SpawnPoint5")]

[node name="CaptureArea" parent="CapturePointC" instance=ExtResource("2_qcc4f")]
transform = Transform3D(1, 0, 0, 0, 1, 0, 0, 0, 1, 0, -0.42318, 0)
points = PackedVector2Array(-10.2563, 1.43346, -5.30374, 8.48129, 9.83956, -1.70949, 4.50607, -8.75731)
height = 5.0

[node name="Team1" type="Node3D" parent="CapturePointC"]

[node name="SpawnPoint" parent="CapturePointC/Team1" instance=ExtResource("3_6t26p")]
transform = Transform3D(0.0827387, 0, 0.996571, 0, 1, 0, -0.996571, 0, 0.0827387, -41.0225, -1.30677, -8.42231)

[node name="SpawnPoint2" parent="CapturePointC/Team1" instance=ExtResource("3_6t26p")]
transform = Transform3D(-0.801212, 0, -0.598381, 0, 1, 0, 0.598381, 0, -0.801212, -36.3427, -0.548264, 27.6393)

[node name="SpawnPoint3" parent="CapturePointC/Team1" instance=ExtResource("3_6t26p")]
transform = Transform3D(0.173699, 0, 0.984799, 0, 1, 0, -0.984799, 0, 0.173699, -35.9693, -1.26841, 2.79843)

[node name="SpawnPoint4" parent="CapturePointC/Team1" instance=ExtResource("3_6t26p")]
transform = Transform3D(-0.984457, 0, 0.175624, 0, 1, 0, -0.175624, 0, -0.984457, -21.405, 0.0313187, -22.3822)

[node name="SpawnPoint5" parent="CapturePointC/Team1" instance=ExtResource("3_6t26p")]
transform = Transform3D(-0.741075, 0, 0.671423, 0, 1, 0, -0.671423, 0, -0.741075, -33.7833, -0.363876, -20.1609)

[node name="Team2" type="Node3D" parent="CapturePointC"]

[node name="SpawnPoint" parent="CapturePointC/Team2" instance=ExtResource("3_6t26p")]
transform = Transform3D(0.804282, 0, -0.594247, 0, 1, 0, 0.594247, 0, 0.804282, 34.3523, -0.89576, -13.4129)

[node name="SpawnPoint2" parent="CapturePointC/Team2" instance=ExtResource("3_6t26p")]
transform = Transform3D(-0.244647, 0, -0.969612, 0, 1, 0, 0.969612, 0, -0.244647, 27.7836, 0.176254, -25.8082)

[node name="SpawnPoint3" parent="CapturePointC/Team2" instance=ExtResource("3_6t26p")]
transform = Transform3D(-0.471181, 0, -0.882037, 0, 1, 0, 0.882037, 0, -0.471181, 28.7912, -0.833656, 21.5521)

[node name="SpawnPoint4" parent="CapturePointC/Team2" instance=ExtResource("3_6t26p")]
transform = Transform3D(-0.467406, 0, -0.884043, 0, 1, 0, 0.884043, 0, -0.467406, 22.3489, -1.01632, -38.5445)

[node name="SpawnPoint5" parent="CapturePointC/Team2" instance=ExtResource("3_6t26p")]
transform = Transform3D(0.0575813, 0, -0.99834, 0, 1, 0, 0.99834, 0, 0.0575813, 14.9451, -0.0370331, -37.1639)

[node name="CombatArea" parent="." node_paths=PackedStringArray("CombatVolume") instance=ExtResource("11_tegug")]
transform = Transform3D(1, 0, 0, 0, 1, 0, 0, 0, 1, 1458.32, 33.5003, 0)
CombatVolume = NodePath("CombatVolume")

[node name="CombatVolume" parent="CombatArea" instance=ExtResource("2_qcc4f")]
transform = Transform3D(1, 0, 0, 0, 1, 0, 0, 0, 1, -1462.1, 24.0806, -112.354)
points = PackedVector2Array(-88.4248, -107.388, -137.453, -84.6324, -83.8638, -19.3208, -62.5118, 139.773, 58.5238, 149.735, 119.19, 110.885, 96.5817, 54.7832, 37.131, -15.5528, 76.067, -80.4457, 6.23349, -106.634)

[node name="Camera3D" type="Camera3D" parent="."]
transform = Transform3D(1, 0, 0, 0, 0.101056, 0.994881, 0, -0.994881, 0.101056, -7.18642, 417.917, -85.0161)

[node name="DeployCam" parent="Camera3D" instance=ExtResource("12_cl7xv")]
transform = Transform3D(1, 0, 0, 0, -4.37114e-08, 1, 0, -1, -4.37114e-08, 0, 0, 0)

[node name="Static" type="Node3D" parent="."]

[node name="MP_Badlands_Terrain" parent="Static" instance=ExtResource("13_1f1o6")]
metadata/_edit_lock_ = true

[node name="MP_Badlands_Assets" parent="Static" instance=ExtResource("14_jke5q")]
metadata/_edit_lock_ = true

[node name="Sector" parent="." node_paths=PackedStringArray("SectorArea", "CapturePoints") instance=ExtResource("15_n7bqs")]
SectorArea = NodePath("../CombatArea/CombatVolume")
CapturePoints = [NodePath("../CapturePointA"), NodePath("../CapturePointB"), NodePath("../CapturePointC")]

[node name="Sector2" parent="." node_paths=PackedStringArray("SectorArea") instance=ExtResource("15_n7bqs")]
SectorArea = NodePath("../TEAM_1_HQ/HQ_Team1")

[node name="Sector3" parent="." node_paths=PackedStringArray("SectorArea") instance=ExtResource("15_n7bqs")]
SectorArea = NodePath("../TEAM_2_HQ/HQ_Team2")

[node name="BarrierStoneBlock_01_F" parent="." instance=ExtResource("16_ytwlr")]
transform = Transform3D(0.850903, -0.525323, -2.29626e-08, 0, -4.37114e-08, 1, -0.525323, -0.850903, -3.71941e-08, -53.2373, 76.3188, -161.967)

[node name="BarrierStoneBlock_01_F14" parent="." instance=ExtResource("16_ytwlr")]
transform = Transform3D(0.850903, -0.525323, -2.29626e-08, 0, -4.37114e-08, 1, -0.525323, -0.850903, -3.71941e-08, -51.423, 76.3188, -159.584)

[node name="BarrierStoneBlock_01_F2" parent="." instance=ExtResource("16_ytwlr")]
transform = Transform3D(0.850903, -0.525323, -2.29626e-08, 0, -4.37114e-08, 1, -0.525323, -0.850903, -3.71941e-08, -55.1191, 76.3188, -164.993)

[node name="BarrierStoneBlock_01_F3" parent="." instance=ExtResource("16_ytwlr")]
transform = Transform3D(0.850903, -0.525323, -2.29626e-08, 0, -4.37114e-08, 1, -0.525323, -0.850903, -3.71941e-08, -57.0507, 76.3188, -168.049)

[node name="BarrierStoneBlock_01_F4" parent="." instance=ExtResource("16_ytwlr")]
transform = Transform3D(0.850903, -0.525323, -2.29626e-08, 0, -4.37114e-08, 1, -0.525323, -0.850903, -3.71941e-08, -58.9325, 76.3188, -171.075)

[node name="BarrierStoneBlock_01_F5" parent="." instance=ExtResource("16_ytwlr")]
transform = Transform3D(0.850903, -0.525323, -2.29626e-08, 0, -4.37114e-08, 1, -0.525323, -0.850903, -3.71941e-08, -60.8, 76.3188, -174.114)

[node name="BarrierStoneBlock_01_F13" parent="." instance=ExtResource("16_ytwlr")]
transform = Transform3D(-0.523763, -0.851864, -3.72361e-08, 0, -4.37114e-08, 1, -0.851864, 0.523763, 2.28944e-08, -62.143, 76.3188, -177.5)

[node name="BarrierStoneBlock_01_F6" parent="." instance=ExtResource("16_ytwlr")]
transform = Transform3D(0.850903, -0.525323, -2.29626e-08, 0, -4.37114e-08, 1, -0.525323, -0.850903, -3.71941e-08, -65.7042, 76.3188, -154.539)

[node name="BarrierStoneBlock_01_F11" parent="." instance=ExtResource("16_ytwlr")]
transform = Transform3D(0.858101, -0.513481, -2.2445e-08, 0, -4.37114e-08, 1, -0.513481, -0.858101, -3.75087e-08, -63.8459, 76.3188, -151.326)

[node name="BarrierStoneBlock_01_F7" parent="." instance=ExtResource("16_ytwlr")]
transform = Transform3D(0.850903, -0.525323, -2.29626e-08, 0, -4.37114e-08, 1, -0.525323, -0.850903, -3.71941e-08, -67.5861, 76.3188, -157.565)

[node name="BarrierStoneBlock_01_F8" parent="." instance=ExtResource("16_ytwlr")]
transform = Transform3D(0.850903, -0.525323, -2.29626e-08, 0, -4.37114e-08, 1, -0.525323, -0.850903, -3.71941e-08, -69.5176, 76.3188, -160.621)

[node name="BarrierStoneBlock_01_F9" parent="." instance=ExtResource("16_ytwlr")]
transform = Transform3D(0.850903, -0.525323, -2.29626e-08, 0, -4.37114e-08, 1, -0.525323, -0.850903, -3.71941e-08, -71.3995, 76.3188, -163.647)

[node name="BarrierStoneBlock_01_F10" parent="." instance=ExtResource("16_ytwlr")]
transform = Transform3D(0.850903, -0.525323, -2.29626e-08, 0, -4.37114e-08, 1, -0.525323, -0.850903, -3.71941e-08, -73.267, 76.3188, -166.686)

[node name="BarrierStoneBlock_01_F12" parent="." instance=ExtResource("16_ytwlr")]
transform = Transform3D(0.850903, -0.525323, -2.29626e-08, 0, -4.37114e-08, 1, -0.525323, -0.850903, -3.71941e-08, -74.1594, 76.3188, -167.563)

[node name="BarrierStoneBlock_01_A" parent="." instance=ExtResource("17_pj4hj")]
transform = Transform3D(0.497973, 0, -0.867192, 0, 1, 0, 0.867192, 0, 0.497973, -56.4414, 75.0091, -156.308)

[node name="CoverMedium_01" parent="." instance=ExtResource("18_usdaa")]
transform = Transform3D(-0.162637, 0, 0.986686, 0, 1, 0, -0.986686, 0, -0.162637, 107.825, 70.9545, -93.8247)

[node name="CoverMedium_02" parent="." instance=ExtResource("18_usdaa")]
transform = Transform3D(-0.20769, 0, 0.978195, 0, 1, 0, -0.978195, 0, -0.20769, 106.952, 70.9545, -98.2651)

[node name="CoverMedium_03" parent="." instance=ExtResource("18_usdaa")]
transform = Transform3D(-0.525234, 0, 0.850958, 0, 1, 0, -0.850958, 0, -0.525234, 104.736, 70.9545, -101.671)

[node name="CoverMedium_04" parent="." instance=ExtResource("18_usdaa")]
transform = Transform3D(-0.525234, 0, 0.850958, 0, 1, 0, -0.850958, 0, -0.525234, 102.3, 70.869, -105.355)

[node name="CoverMedium_05" parent="." instance=ExtResource("18_usdaa")]
transform = Transform3D(0.853505, 0, 0.521084, 0, 1, 0, -0.521084, 0, 0.853505, 99.6198, 70.6764, -117.452)

[node name="CoverMedium_06" parent="." instance=ExtResource("18_usdaa")]
transform = Transform3D(0.853505, 0, 0.521084, 0, 1, 0, -0.521084, 0, 0.853505, 103.293, 70.6764, -119.756)

[node name="StationaryEmplacementSpawner" parent="." instance=ExtResource("19_rffe7")]
transform = Transform3D(-4.37114e-08, 0, -1, 0, 1, 0, 1, 0, -4.37114e-08, 107.724, 71.1438, -102.604)
ObjId = 802
P_DefaultRespawnTime = 10
P_ApplyDamageToAbandonVehicle = false
P_AbandonVehiclesOutOfCombatArea = false

[node name="StationaryEmplacementSpawner2" parent="." instance=ExtResource("19_rffe7")]
transform = Transform3D(-4.37114e-08, 0, 1, 0, 1, 0, -1, 0, -4.37114e-08, -113.934, 70.1084, -95.988)
ObjId = 801
P_DefaultRespawnTime = 10
P_ApplyDamageToAbandonVehicle = false
P_AbandonVehiclesOutOfCombatArea = false

[node name="BarrierStoneBlock_01_G" parent="." instance=ExtResource("20_4xisl")]
transform = Transform3D(1, 0, 0, 0, 0.999994, -0.00357792, 0, 0.00357792, 0.999994, -90.0951, 68.6438, -106.963)

[node name="BarrierStoneBlock_01_G2" parent="." instance=ExtResource("20_4xisl")]
transform = Transform3D(1, 0, 0, 0, 0.999994, -0.00357792, 0, 0.00357792, 0.999994, -92.3709, 68.4058, -101.763)

[node name="BarrierStoneBlock_01_G4" parent="." instance=ExtResource("20_4xisl")]
transform = Transform3D(0.927589, 0.00133672, 0.373601, 0, 0.999994, -0.00357792, -0.373603, 0.00331884, 0.927583, -93.2063, 68.6438, -105.356)

[node name="BarrierStoneBlock_01_G5" parent="." instance=ExtResource("20_4xisl")]
transform = Transform3D(0.927589, 0.00133672, 0.373601, 0, 0.999994, -0.00357792, -0.373603, 0.00331884, 0.927583, -94.7383, 68.5772, -109.042)

[node name="BarrierStoneBlock_01_G6" parent="." instance=ExtResource("20_4xisl")]
transform = Transform3D(0.50838, 0.00308106, 0.861127, 0, 0.999994, -0.00357792, -0.861133, 0.00181894, 0.508377, -99.6004, 68.8564, -113.557)

[node name="BarrierStoneBlock_01_G13" parent="." instance=ExtResource("20_4xisl")]
transform = Transform3D(0.50838, 0.00308106, 0.861127, 0, 0.999994, -0.00357792, -0.861133, 0.00181894, 0.508377, -112.515, 69.2082, -123.258)

[node name="BarrierStoneBlock_01_G14" parent="." instance=ExtResource("20_4xisl")]
transform = Transform3D(0.50838, 0.00308106, 0.861127, 0, 0.999994, -0.00357792, -0.861133, 0.00181894, 0.508377, -112.515, 69.6517, -131.713)

[node name="BarrierStoneBlock_01_G12" parent="." instance=ExtResource("20_4xisl")]
transform = Transform3D(0.998614, 0.000188314, 0.0526319, 2.18616e-10, 0.999994, -0.00357792, -0.0526323, 0.00357296, 0.998608, -112.111, 68.8564, -96.1732)

[node name="BarrierStoneBlock_01_G3" parent="." instance=ExtResource("20_4xisl")]
transform = Transform3D(1, 0, 0, 0, 0.999994, -0.00357792, 0, 0.00357792, 0.999994, -92.3375, 68.4031, -96.5899)

[node name="BarrierStoneBlock_01_G15" parent="." instance=ExtResource("20_4xisl")]
transform = Transform3D(1, 0, 0, 0, 0.999994, -0.00357792, 0, 0.00357792, 0.999994, -75.6828, 72.4149, -96.5899)

[node name="BarrierStoneBlock_01_G16" parent="." instance=ExtResource("20_4xisl")]
transform = Transform3D(1, 0, 0, 0, 0.999994, -0.00357792, 0, 0.00357792, 0.999994, -75.6828, 72.4149, -101.565)

[node name="BarrierStoneBlock_01_G17" parent="." instance=ExtResource("20_4xisl")]
transform = Transform3D(1, 0, 0, 0, 0.999994, -0.00357792, 0, 0.00357792, 0.999994, -75.6828, 72.4149, -106.761)

[node name="BarrierStoneBlock_01_G18" parent="." instance=ExtResource("20_4xisl")]
transform = Transform3D(1, 0, 0, 0, 0.999994, -0.00357792, 0, 0.00357792, 0.999994, -75.6828, 72.4149, -114.643)

[node name="BarrierStoneBlock_01_G7" parent="." instance=ExtResource("20_4xisl")]
transform = Transform3D(1, 0, 0, 0, 0.999994, -0.00357792, 0, 0.00357792, 0.999994, -92.3375, 68.19, -73.4618)

[node name="BarrierStoneBlock_01_G8" parent="." instance=ExtResource("20_4xisl")]
transform = Transform3D(1, 0, 0, 0, 0.999994, -0.00357792, 0, 0.00357792, 0.999994, -92.3375, 68.3687, -68.3386)

[node name="BarrierStoneBlock_01_G9" parent="." instance=ExtResource("20_4xisl")]
transform = Transform3D(1, 0, 0, 0, 0.999994, -0.00357792, 0, 0.00357792, 0.999994, -92.3375, 68.4035, -63.2976)

[node name="BarrierStoneBlock_01_G10" parent="." instance=ExtResource("20_4xisl")]
transform = Transform3D(0.935487, -0.00126429, -0.353358, 0, 0.999994, -0.00357792, 0.353361, 0.0033471, 0.935481, -93.3479, 68.3553, -59.2238)

[node name="BarrierStoneBlock_01_G11" parent="." instance=ExtResource("20_4xisl")]
transform = Transform3D(0.935487, -0.00126429, -0.353358, 0, 0.999994, -0.00357792, 0.353361, 0.0033471, 0.935481, -95.2002, 68.2945, -54.9801)

[node name="GM1083CargoTruck_01_Canopy" parent="." instance=ExtResource("21_b3ilu")]
transform = Transform3D(1, 0, 0, 0, 0.975523, -0.219897, 0, 0.219897, 0.975523, 94.9889, 67.5566, -82.2862)

[node name="GM1083CargoTruck_01_Canopy2" parent="." instance=ExtResource("21_b3ilu")]
transform = Transform3D(0.703321, -0.00893942, 0.710816, 0.0351857, 0.999133, -0.0222493, -0.710001, 0.040659, 0.703026, -121.261, 69.5748, -114.436)

[node name="BarrierStoneBlock_01_G19" parent="." instance=ExtResource("20_4xisl")]
transform = Transform3D(0.788097, 0, 0.615551, 0, 1, 0, -0.615551, 0, 0.788097, 84.3551, 67.7747, -76.0871)

[node name="BarrierStoneBlock_01_G23" parent="." instance=ExtResource("20_4xisl")]
transform = Transform3D(0.788097, 0, 0.615551, 0, 1, 0, -0.615551, 0, 0.788097, 84.3551, 67.7747, -98.8403)

[node name="BarrierStoneBlock_01_G26" parent="." instance=ExtResource("20_4xisl")]
transform = Transform3D(0.788097, 0, 0.615551, 0, 1, 0, -0.615551, 0, 0.788097, 93.2452, 67.5796, -88.6962)

[node name="BarrierStoneBlock_01_G24" parent="." instance=ExtResource("20_4xisl")]
transform = Transform3D(0.788097, 0, 0.615551, 0, 1, 0, -0.615551, 0, 0.788097, 71.184, 65.9305, -101.216)

[node name="BarrierStoneBlock_01_G25" parent="." instance=ExtResource("20_4xisl")]
transform = Transform3D(0.996263, 0, -0.0863734, 0, 1, 0, 0.0863734, 0, 0.996263, 56.5464, 67.6716, -126.956)

[node name="BarrierStoneBlock_01_G20" parent="." instance=ExtResource("20_4xisl")]
transform = Transform3D(0.788097, 0, 0.615551, 0, 1, 0, -0.615551, 0, 0.788097, 87.2734, 68.0316, -72.3786)

[node name="BarrierStoneBlock_01_G21" parent="." instance=ExtResource("20_4xisl")]
transform = Transform3D(0.141264, 0.00179771, 0.98997, -0.000253953, 0.999998, -0.00177967, -0.989972, -7.83265e-09, 0.141264, 103.993, 66.6728, -68.2011)

[node name="BarrierStoneBlock_01_G22" parent="." instance=ExtResource("20_4xisl")]
transform = Transform3D(0.136471, -0.25828, 0.956382, 0.0364856, 0.96607, 0.255689, -0.989972, -7.83265e-09, 0.141264, 99.6046, 66.2308, -72.8346)
