[gd_scene load_steps=8 format=3 uid="uid://cfk3slnctd6v4"]

[ext_resource type="PackedScene" path="res://objects/Gameplay/Common/HQ_PlayerSpawner.tscn" id="1_jafip"]
[ext_resource type="PackedScene" uid="uid://jv31so3xcr7p" path="res://addons/bf_portal/portal_tools/types/PolygonVolume/PolygonVolume.tscn" id="2_4504p"]
[ext_resource type="PackedScene" path="res://objects/entities/SpawnPoint.tscn" id="3_3ipnf"]
[ext_resource type="PackedScene" path="res://objects/Gameplay/Common/CombatArea.tscn" id="4_3htaj"]
[ext_resource type="PackedScene" path="res://objects/Gameplay/Common/DeployCam.tscn" id="5_1n7yi"]
[ext_resource type="PackedScene" path="res://static/MP_Granite_MilitaryRnD_Portal_Terrain.tscn" id="6_xppd8"]
[ext_resource type="PackedScene" path="res://static/MP_Granite_MilitaryRnD_Portal_Assets.tscn" id="7_jm7eb"]

[node name="MP_Granite_MilitaryRnD_Portal" type="Node3D"]

[node name="TEAM_1_HQ" parent="." node_paths=PackedStringArray("HQArea", "InfantrySpawns") instance=ExtResource("1_jafip")]
transform = Transform3D(1, 0, 0, 0, 1, 0, 0, 0, 1, 427.689, 177.518, -743.267)
AltTeam = 0
ObjId = 1
HQArea = NodePath("HQ_Team1")
InfantrySpawns = [NodePath("SpawnPoint_1_1"), NodePath("SpawnPoint_1_2"), NodePath("SpawnPoint_1_3"), NodePath("SpawnPoint_1_4")]

[node name="HQ_Team1" parent="TEAM_1_HQ" instance=ExtResource("2_4504p")]
transform = Transform3D(1, 0, 0, 0, 1, 0, 0, 0, 1, 0, 5, 0)
points = PackedVector2Array(5, 5, 5, -5, -5, -5, -5, 5)

[node name="SpawnPoint_1_1" parent="TEAM_1_HQ" instance=ExtResource("3_3ipnf")]
transform = Transform3D(0.999884, 0, -0.0152535, 0, 1, 0, 0.0152535, 0, 0.999884, 0, 0, -3)

[node name="SpawnPoint_1_2" parent="TEAM_1_HQ" instance=ExtResource("3_3ipnf")]
transform = Transform3D(-0.9995, 0, -0.0316198, 0, 1, 0, 0.0316198, 0, -0.9995, 3, 0, 0)

[node name="SpawnPoint_1_3" parent="TEAM_1_HQ" instance=ExtResource("3_3ipnf")]
transform = Transform3D(-0.0428871, 0, 0.99908, 0, 1, 0, -0.99908, 0, -0.0428871, -3, 0, 0)

[node name="SpawnPoint_1_4" parent="TEAM_1_HQ" instance=ExtResource("3_3ipnf")]
transform = Transform3D(0.0841819, 0, -0.99645, 0, 1, 0, 0.99645, 0, 0.0841819, 0, 0, 3)

[node name="TEAM_2_HQ" parent="." node_paths=PackedStringArray("HQArea", "InfantrySpawns") instance=ExtResource("1_jafip")]
transform = Transform3D(1, 0, 0, 0, 1, 0, 0, 0, 1, 507.12, 177.522, -822.325)
Team = 2
AltTeam = 0
ObjId = 2
HQArea = NodePath("HQ_Team2")
InfantrySpawns = [NodePath("SpawnPoint_2_1"), NodePath("SpawnPoint_2_2"), NodePath("SpawnPoint_2_3"), NodePath("SpawnPoint_2_4")]

[node name="HQ_Team2" parent="TEAM_2_HQ" instance=ExtResource("2_4504p")]
transform = Transform3D(1, 0, 0, 0, 1, 0, 0, 0, 1, 0, 5, 0)
points = PackedVector2Array(5, 5, 5, -5, -5, -5, -5, 5)

[node name="SpawnPoint_2_1" parent="TEAM_2_HQ" instance=ExtResource("3_3ipnf")]
transform = Transform3D(0.87795, 0, -0.478754, 0, 1, 0, 0.478754, 0, 0.87795, 0, 0, -3)

[node name="SpawnPoint_2_2" parent="TEAM_2_HQ" instance=ExtResource("3_3ipnf")]
transform = Transform3D(-0.997604, 0, 0.0691822, 0, 1, 0, -0.0691822, 0, -0.997604, 3, 0, 0)

[node name="SpawnPoint_2_3" parent="TEAM_2_HQ" instance=ExtResource("3_3ipnf")]
transform = Transform3D(0.162758, 0, 0.986666, 0, 1, 0, -0.986666, 0, 0.162758, -3, 0, 0)

[node name="SpawnPoint_2_4" parent="TEAM_2_HQ" instance=ExtResource("3_3ipnf")]
transform = Transform3D(-0.165771, 0, -0.986164, 0, 1, 0, 0.986164, 0, -0.165771, 0, 0, 3)

[node name="CombatArea" parent="." node_paths=PackedStringArray("CombatVolume") instance=ExtResource("4_3htaj")]
transform = Transform3D(1, 0, 0, 0, 1, 0, 0, 0, 1, 535.646, 97.1329, -488.877)
CombatVolume = NodePath("CombatVolume")

[node name="CombatVolume" parent="CombatArea" instance=ExtResource("2_4504p")]
transform = Transform3D(1, 0, 0, 0, 1, 0, 0, 0, 1, -15.4013, 208.977, -217.263)
points = PackedVector2Array(-344.468, -402.338, -424.785, -242.921, -422.41, 78.6827, -370.023, 282.79, -336.715, 506.789, 170.185, 512.157, 326.626, 423.2, 342.299, 83.464, 405.949, -207.179, 401.437, -347.51, 182.88, -381.252, -21.107, -466.374)
height = 100.0

[node name="Camera3D" type="Camera3D" parent="."]
transform = Transform3D(1, 0, 0, 0, 0.101056, 0.994881, 0, -0.994881, 0.101056, 452.78, 495.994, -720.901)

[node name="DeployCam" parent="Camera3D" instance=ExtResource("5_1n7yi")]

[node name="Static" type="Node3D" parent="."]

[node name="MP_Granite_MilitaryRnD_Portal_Terrain" parent="Static" instance=ExtResource("6_xppd8")]
metadata/_edit_lock_ = true

[node name="MP_Granite_MilitaryRnD_Portal_Assets" parent="Static" instance=ExtResource("7_jm7eb")]
metadata/_edit_lock_ = true
