[gd_scene load_steps=16 format=3 uid="uid://clwmhbmnii7a2"]

[ext_resource type="PackedScene" path="res://objects/Gameplay/Common/Sector.tscn" id="1_vlha6"]
[ext_resource type="PackedScene" path="res://objects/Gameplay/Common/CombatArea.tscn" id="2_26kd4"]
[ext_resource type="PackedScene" uid="uid://jv31so3xcr7p" path="res://addons/bf_portal/portal_tools/types/PolygonVolume/PolygonVolume.tscn" id="3_fx3qc"]
[ext_resource type="PackedScene" path="res://objects/Gameplay/Common/HQ_PlayerSpawner.tscn" id="4_23ame"]
[ext_resource type="PackedScene" path="res://objects/entities/SpawnPoint.tscn" id="5_x17pv"]
[ext_resource type="PackedScene" path="res://objects/Gameplay/Common/InteractPoint.tscn" id="6_aewnl"]
[ext_resource type="Script" uid="uid://47t74odumpid" path="res://scripts/Gameplay/Common/WorldIcon.gd" id="7_735oq"]
[ext_resource type="Script" uid="uid://ctsgxf2api438" path="res://scripts/Gameplay/Common/AreaTrigger.gd" id="8_b7mf2"]
[ext_resource type="PackedScene" path="res://objects/Global/Generic/Common/Props/FlagPole_01_USA.tscn" id="8_nrdkt"]
[ext_resource type="PackedScene" path="res://addons/bf_portal/portal_tools/VehicleSpawner.tscn" id="10_jax7h"]
[ext_resource type="PackedScene" path="res://static/MP_Abbasid_Terrain.tscn" id="10_xjhnj"]
[ext_resource type="PackedScene" path="res://static/MP_Abbasid_Assets.tscn" id="11_is2uf"]
[ext_resource type="PackedScene" path="res://objects/Gameplay/Common/DeployCam.tscn" id="12_0uyhr"]
[ext_resource type="PackedScene" path="res://objects/Gameplay/Conquest/CapturePoint.tscn" id="13_dukeq"]
[ext_resource type="PackedScene" path="res://objects/Gameplay/Common/AreaTrigger.tscn" id="14_5pghb"]


[node name="MP_Abbasid" type="Node3D"]

[node name="Sector - This manages the CapturePoint Names" parent="." node_paths=PackedStringArray("SectorArea", "CapturePoints") instance=ExtResource("1_vlha6")]
transform = Transform3D(1, 0, 0, 0, 1, 0, 0, 0, 1, -85.5523, 64.1863, -57.1726)
SectorArea = NodePath("../CombatArea/CollisionPolygon3D")
CapturePoints = [NodePath("../Obectives/Flags/CapturePointA"), NodePath("../Obectives/Flags/CapturePointB"), NodePath("../Obectives/Flags/CapturePointC")]

[node name="Sector - Detects Team1 HQ Area" parent="." node_paths=PackedStringArray("SectorArea") instance=ExtResource("1_vlha6")]
transform = Transform3D(1, 0, 0, 0, 1, 0, 0, 0, 1, -287.318, 67.3944, 103.71)
ObjId = 3001
SectorArea = NodePath("../TEAM_1_HQ/HQ_Team1")

[node name="Sector - Detects Team2 HQ Area" parent="." node_paths=PackedStringArray("SectorArea") instance=ExtResource("1_vlha6")]
transform = Transform3D(1, 0, 0, 0, 1, 0, 0, 0, 1, 103.967, 62.4772, -27.3332)
ObjId = 3002
SectorArea = NodePath("../TEAM_2_HQ/HQ_Team2")

[node name="CombatArea" parent="." node_paths=PackedStringArray("CombatVolume") instance=ExtResource("2_26kd4")]
transform = Transform3D(1, 0, 0, 0, 1, 0, 0, 0, 1, -80, 60, 0)
CombatVolume = NodePath("CollisionPolygon3D")

[node name="CollisionPolygon3D" parent="CombatArea" instance=ExtResource("3_fx3qc")]
points = PackedVector2Array(-121.821, -47.2722, -150, -30, -150, -10, -200, 0, -200, 110, -144.507, 110, -58, 110, -14.525, 110, 15.743, 97.8793, 22.1709, 47.2404, 60, 50, 130, 10, 140, -50, 100, -60, 90, -110, -22.9903, -105.607)
height = 500.0

[node name="TEAM_1_HQ" parent="." node_paths=PackedStringArray("HQArea", "InfantrySpawns") instance=ExtResource("4_23ame")]
transform = Transform3D(1, 0, 0, 0, 1, 0, 0, 0, 1, -250, 60, 60)
ObjId = 1
HQArea = NodePath("HQ_Team1")
InfantrySpawns = [NodePath("SpawnPoint_1_1"), NodePath("SpawnPoint_1_2"), NodePath("SpawnPoint_1_3"), NodePath("SpawnPoint_1_4")]

[node name="HQ_Team1" parent="TEAM_1_HQ" instance=ExtResource("3_fx3qc")]
points = PackedVector2Array(20, -30, -30, -30, -30, 50, 20, 50)
height = 100.0

[node name="SpawnPoint_1_1" parent="TEAM_1_HQ" instance=ExtResource("5_x17pv")]
transform = Transform3D(-0.894467, 0, 0.447135, 0, 1, 0, -0.447135, 0, -0.894467, 6.836, 5, -11.693)

[node name="SpawnPoint_1_2" parent="TEAM_1_HQ" instance=ExtResource("5_x17pv")]
transform = Transform3D(-0.9995, 0, -0.0316198, 0, 1, 0, 0.0316198, 0, -0.9995, 6.5, 5.46611, 0.971001)

[node name="SpawnPoint_1_3" parent="TEAM_1_HQ" instance=ExtResource("5_x17pv")]
transform = Transform3D(-0.939418, 0, 0.342775, 0, 1, 0, -0.342775, 0, -0.939418, 8.60249, 5.80134, 10.7266)

[node name="SpawnPoint_1_4" parent="TEAM_1_HQ" instance=ExtResource("5_x17pv")]
transform = Transform3D(0.876856, -0.00137461, 0.480749, 0.00140339, 0.999999, 0.000299593, -0.480749, 0.000411968, 0.876858, 9.03342, 5.89784, 13.5257)

[node name="HQ1_areatrigger" type="Node3D" parent="TEAM_1_HQ" node_paths=PackedStringArray("Area")]
transform = Transform3D(1, 0, 0, 0, 1, 0, 0, 0, 1, -0.201324, 2.66837, 0.0278816)
script = ExtResource("8_b7mf2")
ObjId = 4001
Area = NodePath("../HQ_Team1")

[node name="InteractPointSpectate" parent="TEAM_1_HQ" instance=ExtResource("6_aewnl")]
transform = Transform3D(1, 0, 0, 0, 1, 0, 0, 0, 1, -0.977905, 8.10307, 45.5292)
ObjId = 6001

[node name="FlagPole_01_USA" parent="TEAM_1_HQ" instance=ExtResource("8_nrdkt")]
transform = Transform3D(-4.37114e-08, 0, 1, 0, 1, 0, -1, 0, -4.37114e-08, 0, 5.816, 8.77791)

[node name="InteractPointChangeTeam" parent="TEAM_1_HQ/FlagPole_01_USA" instance=ExtResource("6_aewnl")]
transform = Transform3D(1, 0, 0, 0, 1, 0, 0, 0, 1, 3, 1, 0)
ObjId = 2001

[node name="WorldIcon" type="Node3D" parent="TEAM_1_HQ/FlagPole_01_USA/InteractPointChangeTeam"]
script = ExtResource("7_735oq")
ObjId = 5001
iconTextVisible = true
iconColor = [0.0, 1.0, 0.0]
iconImagePicker = 6
iconImageVisible = true
iconTeamOwnerId = 1

[node name="InteractPointReady" parent="TEAM_1_HQ/FlagPole_01_USA" instance=ExtResource("6_aewnl")]
transform = Transform3D(1, 0, 0, 0, 1, 0, 0, 0, 1, -3, 1, 0)
ObjId = 2002

[node name="WorldIcon" type="Node3D" parent="TEAM_1_HQ/FlagPole_01_USA/InteractPointReady"]
script = ExtResource("7_735oq")
ObjId = 5002
iconTextVisible = true
iconColor = [0.0, 0.5, 1.0]
iconImagePicker = 7
iconImageVisible = true
iconTeamOwnerId = 1

[node name="IFVSpawner" parent="TEAM_1_HQ" instance=ExtResource("10_jax7h")]
transform = Transform3D(-1, 0, -8.74228e-08, 0, 1, 0, 8.74228e-08, 0, -1, 4.43201, 4.87146, -23.2032)
ObjId = 701
VehicleType = 16
P_DefaultRespawnTime = 120

[node name="TEAM_2_HQ" parent="." node_paths=PackedStringArray("HQArea", "InfantrySpawns") instance=ExtResource("4_23ame")]
transform = Transform3D(1, 0, 0, 0, 1, 0, 0, 0, 1, 20, 60, 0)
Team = 2
AltTeam = 0
VehicleSpawnersEnabled = true
ObjId = 2
HQArea = NodePath("HQ_Team2")
InfantrySpawns = [NodePath("SpawnPoint_2_1"), NodePath("SpawnPoint_2_2"), NodePath("SpawnPoint_2_3"), NodePath("SpawnPoint_2_4")]

[node name="HQ_Team2" parent="TEAM_2_HQ" instance=ExtResource("3_fx3qc")]
points = PackedVector2Array(30, 10, 40, -50, 0, -60, -40, -50, -40, 50)
height = 100.0

[node name="SpawnPoint_2_1" parent="TEAM_2_HQ" instance=ExtResource("5_x17pv")]
transform = Transform3D(0.87795, 0, -0.478754, 0, 1, 0, 0.478754, 0, 0.87795, -19.2289, 4.63904, 23.1917)

[node name="SpawnPoint_2_2" parent="TEAM_2_HQ" instance=ExtResource("5_x17pv")]
transform = Transform3D(-0.283078, 0, -0.959097, 0, 1, 0, 0.959097, 0, -0.283078, -22.4893, 6.50803, 18.7793)

[node name="SpawnPoint_2_3" parent="TEAM_2_HQ" instance=ExtResource("5_x17pv")]
transform = Transform3D(0.194713, 0, -0.98086, 0, 1, 0, 0.98086, 0, 0.194713, -14.1771, 6.22802, 11.6407)

[node name="SpawnPoint_2_4" parent="TEAM_2_HQ" instance=ExtResource("5_x17pv")]
transform = Transform3D(-0.58483, 0, -0.811155, 0, 1, 0, 0.811155, 0, -0.58483, -26.4078, 6.05853, 12.115)

[node name="HQ2_areatrigger" type="Node3D" parent="TEAM_2_HQ" node_paths=PackedStringArray("Area")]
transform = Transform3D(1, 0, 0, 0, 1, 0, 0, 0, 1, 0.38681, -17.347, 1.83539)
script = ExtResource("8_b7mf2")
ObjId = 4002
Area = NodePath("../HQ_Team2")

[node name="InteractArea" parent="TEAM_2_HQ" instance=ExtResource("8_nrdkt")]
transform = Transform3D(-4.37114e-08, 0, -1, 0, 1, 0, 1, 0, -4.37114e-08, -4.25799, 3.9636, 16.6947)

[node name="InteractPointChangeTeam" parent="TEAM_2_HQ/InteractArea" instance=ExtResource("6_aewnl")]
transform = Transform3D(1, 0, 0, 0, 1, 0, 0, 0, 1, 3, 1, 0)
ObjId = 2003

[node name="WorldIcon" type="Node3D" parent="TEAM_2_HQ/InteractArea/InteractPointChangeTeam"]
script = ExtResource("7_735oq")
ObjId = 5003
iconTextVisible = true
iconColor = [0.0, 1.0, 0.0]
iconImagePicker = 6
iconImageVisible = true
iconTeamOwnerId = 2

[node name="InteractPointReady" parent="TEAM_2_HQ/InteractArea" instance=ExtResource("6_aewnl")]
transform = Transform3D(1, 0, 0, 0, 1, 0, 0, 0, 1, -3, 1, 0)
ObjId = 2004

[node name="WorldIcon" type="Node3D" parent="TEAM_2_HQ/InteractArea/InteractPointReady"]
script = ExtResource("7_735oq")
ObjId = 5004
iconTextVisible = true
iconColor = [0.0, 0.5, 1.0]
iconImagePicker = 7
iconImageVisible = true
iconTeamOwnerId = 2

[node name="IFVSpawner" parent="TEAM_2_HQ" instance=ExtResource("10_jax7h")]
transform = Transform3D(1, 0, 0, 0, 1, 0, 0, 0, 1, -12.0898, 4.53394, 27.0578)
ObjId = 702
VehicleType = 3
P_DefaultRespawnTime = 120

[node name="Static" type="Node3D" parent="."]

[node name="MP_Abbasid_Terrain" parent="Static" instance=ExtResource("10_xjhnj")]
metadata/_edit_lock_ = true

[node name="MP_Abbasid_Assets" parent="Static" instance=ExtResource("11_is2uf")]
metadata/_edit_lock_ = true

[node name="DeployCam" parent="." instance=ExtResource("12_0uyhr")]
transform = Transform3D(1, 0, 0, 0, 0, 1, 0, -1, 0, -91.6011, 150.747, 3.86193)

[node name="Obectives" type="Node3D" parent="."]
transform = Transform3D(1, 0, 0, 0, 1, 0, 0, 0, 1, 0, 63.0319, 0)

[node name="Flags" type="Node3D" parent="Obectives"]

[node name="CapturePointA" parent="Obectives/Flags" node_paths=PackedStringArray("CaptureArea", "InfantrySpawnPoints_Team1", "InfantrySpawnPoints_Team2") instance=ExtResource("13_dukeq")]
transform = Transform3D(1, 0, 0, 0, 1, 0, 0, 0, 1, -174.942, 1.77884, -26.5188)
ObjId = 201
OutlineAbove16Points = true
TacticalAdviceAirVehicleFriendly = true
TacticalAdvicePriorityLevel_Team1 = 1
TacticalAdvicePriorityLevel_Team2 = 2
CaptureArea = NodePath("CapturePointArea")
InfantrySpawnPoints_Team1 = [NodePath("Spawns/Team1/SpawnPoint_1"), NodePath("Spawns/Team1/SpawnPoint_2"), NodePath("Spawns/Team1/SpawnPoint_3"), NodePath("Spawns/Team1/SpawnPoint_4"), NodePath("Spawns/Team1/SpawnPoint_5")]
InfantrySpawnPoints_Team2 = [NodePath("Spawns/Team2/SpawnPoint_6"), NodePath("Spawns/Team2/SpawnPoint_7"), NodePath("Spawns/Team2/SpawnPoint_8"), NodePath("Spawns/Team2/SpawnPoint_9"), NodePath("Spawns/Team2/SpawnPoint_10")]

[node name="CapturePointArea" parent="Obectives/Flags/CapturePointA" instance=ExtResource("3_fx3qc")]
transform = Transform3D(1, 0, 0, 0, 1, 0, 0, 0, 1, 1.14622, -0.201736, -0.980019)
points = PackedVector2Array(7.66101, 11.6275, 8.2319, -7.60752, -17.4987, -7.72895, -17.5545, 11.2441)
height = 20.0

[node name="Spawns" type="Node3D" parent="Obectives/Flags/CapturePointA"]

[node name="Team1" type="Node3D" parent="Obectives/Flags/CapturePointA/Spawns"]

[node name="SpawnPoint_1" parent="Obectives/Flags/CapturePointA/Spawns/Team1" instance=ExtResource("5_x17pv")]
transform = Transform3D(0.910496, 0, 0.413518, 0, 1, 0, -0.413518, 0, 0.910496, -25.1063, -0.31955, -20.2252)

[node name="SpawnPoint_2" parent="Obectives/Flags/CapturePointA/Spawns/Team1" instance=ExtResource("5_x17pv")]
transform = Transform3D(-0.938704, 0, 0.344724, 0, 1, 0, -0.344724, 0, -0.938704, -42.9513, 0.656998, 11.1027)

[node name="SpawnPoint_3" parent="Obectives/Flags/CapturePointA/Spawns/Team1" instance=ExtResource("5_x17pv")]
transform = Transform3D(-0.983261, 0, -0.182201, 0, 1, 0, 0.182201, 0, -0.983261, -23.3844, -0.752876, -4.32854)

[node name="SpawnPoint_4" parent="Obectives/Flags/CapturePointA/Spawns/Team1" instance=ExtResource("5_x17pv")]
transform = Transform3D(0.466957, 0, 0.88428, 0, 1, 0, -0.88428, 0, 0.466957, -31.7933, -0.415169, 27.618)

[node name="SpawnPoint_5" parent="Obectives/Flags/CapturePointA/Spawns/Team1" instance=ExtResource("5_x17pv")]
transform = Transform3D(0.47192, 0, 0.881641, 0, 1, 0, -0.881641, 0, 0.47192, -37.3785, 0.844711, 2.82745)

[node name="Team2" type="Node3D" parent="Obectives/Flags/CapturePointA/Spawns"]

[node name="SpawnPoint_6" parent="Obectives/Flags/CapturePointA/Spawns/Team2" instance=ExtResource("5_x17pv")]
transform = Transform3D(0.964493, 0, -0.264109, 0, 1, 0, 0.264109, 0, 0.964493, -1.16083, 0.551796, -28.0201)

[node name="SpawnPoint_7" parent="Obectives/Flags/CapturePointA/Spawns/Team2" instance=ExtResource("5_x17pv")]
transform = Transform3D(0.815966, 0, -0.5781, 0, 1, 0, 0.5781, 0, 0.815966, 24.7325, 0.51902, -28.5163)

[node name="SpawnPoint_8" parent="Obectives/Flags/CapturePointA/Spawns/Team2" instance=ExtResource("5_x17pv")]
transform = Transform3D(-0.608388, 0, -0.79364, 0, 1, 0, 0.79364, 0, -0.608388, 21.5992, -0.600006, -6.35564)

[node name="SpawnPoint_9" parent="Obectives/Flags/CapturePointA/Spawns/Team2" instance=ExtResource("5_x17pv")]
transform = Transform3D(0.480147, 0, 0.877188, 0, 1, 0, -0.877188, 0, 0.480147, 9.55264, -0.149345, 22.0377)

[node name="SpawnPoint_10" parent="Obectives/Flags/CapturePointA/Spawns/Team2" instance=ExtResource("5_x17pv")]
transform = Transform3D(0.106611, 0, -0.994301, 0, 1, 0, 0.994301, 0, 0.106611, 28.4211, -0.475525, 19.3187)

[node name="CapturePointB" parent="Obectives/Flags" node_paths=PackedStringArray("CaptureArea", "InfantrySpawnPoints_Team1", "InfantrySpawnPoints_Team2") instance=ExtResource("13_dukeq")]
transform = Transform3D(1, 0, 0, 0, 1, 0, 0, 0, 1, -136.737, 3.76125, 55.9431)
ObjId = 202
OutlineAbove16Points = true
TacticalAdviceAirVehicleFriendly = true
TacticalAdvicePriorityLevel_Team1 = 1
TacticalAdvicePriorityLevel_Team2 = 2
CaptureArea = NodePath("CapturePointArea")
InfantrySpawnPoints_Team1 = [NodePath("Spawns/Team1/SpawnPoint_1"), NodePath("Spawns/Team1/SpawnPoint_2"), NodePath("Spawns/Team1/SpawnPoint_3"), NodePath("Spawns/Team1/SpawnPoint_4"), NodePath("Spawns/Team1/SpawnPoint_5")]
InfantrySpawnPoints_Team2 = [NodePath("Spawns/Team2/SpawnPoint_6"), NodePath("Spawns/Team2/SpawnPoint_7"), NodePath("Spawns/Team2/SpawnPoint_8"), NodePath("Spawns/Team2/SpawnPoint_9"), NodePath("Spawns/Team2/SpawnPoint_10")]

[node name="CapturePointArea" parent="Obectives/Flags/CapturePointB" instance=ExtResource("3_fx3qc")]
transform = Transform3D(1, 0, 0, 0, 1, 0, 0, 0, 1, 10.5204, -1.14178, -0.980019)
points = PackedVector2Array(11.4059, -0.499065, 11.2653, -8.92285, -17.3238, -9.98162, -17.4051, 7.96682, 0.440491, 8.09736, 11.2923, 4.7739)
height = 20.0

[node name="Spawns" type="Node3D" parent="Obectives/Flags/CapturePointB"]

[node name="Team1" type="Node3D" parent="Obectives/Flags/CapturePointB/Spawns"]

[node name="SpawnPoint_1" parent="Obectives/Flags/CapturePointB/Spawns/Team1" instance=ExtResource("5_x17pv")]
transform = Transform3D(0.910496, 0, 0.413518, 0, 1, 0, -0.413518, 0, 0.910496, -24.691, -0.0531311, -6.99607)

[node name="SpawnPoint_2" parent="Obectives/Flags/CapturePointB/Spawns/Team1" instance=ExtResource("5_x17pv")]
transform = Transform3D(-0.344905, 0, 0.938637, 0, 1, 0, -0.938637, 0, -0.344905, -29.4573, 0.0134735, -20.4636)

[node name="SpawnPoint_3" parent="Obectives/Flags/CapturePointB/Spawns/Team1" instance=ExtResource("5_x17pv")]
transform = Transform3D(0.908282, 0, 0.418358, 0, 1, 0, -0.418358, 0, 0.908282, -0.152634, 0.17292, -29.7156)

[node name="SpawnPoint_4" parent="Obectives/Flags/CapturePointB/Spawns/Team1" instance=ExtResource("5_x17pv")]
transform = Transform3D(-0.997495, 0, 0.070749, 0, 1, 0, -0.070749, 0, -0.997495, -5.48589, 1.09766, 16.8694)

[node name="SpawnPoint_5" parent="Obectives/Flags/CapturePointB/Spawns/Team1" instance=ExtResource("5_x17pv")]
transform = Transform3D(0.80236, 0, 0.596841, 0, 1, 0, -0.596841, 0, 0.80236, -36.4516, -1.26653, -0.872284)

[node name="Team2" type="Node3D" parent="Obectives/Flags/CapturePointB/Spawns"]

[node name="SpawnPoint_6" parent="Obectives/Flags/CapturePointB/Spawns/Team2" instance=ExtResource("5_x17pv")]
transform = Transform3D(-0.999301, 0, -0.0373939, 0, 1, 0, 0.0373939, 0, -0.999301, 43.8213, -2.76251, 31.8748)

[node name="SpawnPoint_7" parent="Obectives/Flags/CapturePointB/Spawns/Team2" instance=ExtResource("5_x17pv")]
transform = Transform3D(0.0994591, 0, 0.995042, 0, 1, 0, -0.995042, 0, 0.0994591, 40.2285, -2.08122, -16.7443)

[node name="SpawnPoint_8" parent="Obectives/Flags/CapturePointB/Spawns/Team2" instance=ExtResource("5_x17pv")]
transform = Transform3D(0.0147994, 0, -0.999891, 0, 1, 0, 0.999891, 0, 0.0147994, 20.7216, -0.855949, -40.892)

[node name="SpawnPoint_9" parent="Obectives/Flags/CapturePointB/Spawns/Team2" instance=ExtResource("5_x17pv")]
transform = Transform3D(-0.874112, 0, -0.485725, 0, 1, 0, 0.485725, 0, -0.874112, 56.9699, -2.424, 14.3596)

[node name="SpawnPoint_10" parent="Obectives/Flags/CapturePointB/Spawns/Team2" instance=ExtResource("5_x17pv")]
transform = Transform3D(-0.762138, 0, 0.647416, 0, 1, 0, -0.647416, 0, -0.762138, 17.2374, -2.61961, 34.0771)

[node name="CapturePointC" parent="Obectives/Flags" node_paths=PackedStringArray("CaptureArea", "InfantrySpawnPoints_Team1", "InfantrySpawnPoints_Team2") instance=ExtResource("13_dukeq")]
transform = Transform3D(1, 0, 0, 0, 1, 0, 0, 0, 1, -80.046, -1.04457, -43.786)
ObjId = 203
OutlineAbove16Points = true
TacticalAdviceAirVehicleFriendly = true
TacticalAdvicePriorityLevel_Team1 = 1
TacticalAdvicePriorityLevel_Team2 = 1
CaptureArea = NodePath("CapturePointArea")
InfantrySpawnPoints_Team1 = [NodePath("Spawns/Team1/SpawnPoint_1"), NodePath("Spawns/Team1/SpawnPoint_2"), NodePath("Spawns/Team1/SpawnPoint_3"), NodePath("Spawns/Team1/SpawnPoint_4"), NodePath("Spawns/Team1/SpawnPoint_5")]
InfantrySpawnPoints_Team2 = [NodePath("Spawns/Team2/SpawnPoint_6"), NodePath("Spawns/Team2/SpawnPoint_7"), NodePath("Spawns/Team2/SpawnPoint_8"), NodePath("Spawns/Team2/SpawnPoint_9"), NodePath("Spawns/Team2/SpawnPoint_10")]

[node name="CapturePointArea" parent="Obectives/Flags/CapturePointC" instance=ExtResource("3_fx3qc")]
transform = Transform3D(1, 0, 0, 0, 1, 0, 0, 0, 1, -2.45057, -0.201736, 0.216541)
points = PackedVector2Array(12.2065, 20.9491, 12.5776, -13.9168, -12.0001, -13.2181, -11.8913, 20.4462)
height = 20.0

[node name="Spawns" type="Node3D" parent="Obectives/Flags/CapturePointC"]

[node name="Team1" type="Node3D" parent="Obectives/Flags/CapturePointC/Spawns"]

[node name="SpawnPoint_1" parent="Obectives/Flags/CapturePointC/Spawns/Team1" instance=ExtResource("5_x17pv")]
transform = Transform3D(-0.911202, 0, 0.411959, 0, 1, 0, -0.411959, 0, -0.911202, -38.5508, 2.22358, -13.0757)

[node name="SpawnPoint_2" parent="Obectives/Flags/CapturePointC/Spawns/Team1" instance=ExtResource("5_x17pv")]
transform = Transform3D(0.99985, 0, -0.0173302, 0, 1, 0, 0.0173302, 0, 0.99985, -18.669, 3.51675, -49.3173)

[node name="SpawnPoint_3" parent="Obectives/Flags/CapturePointC/Spawns/Team1" instance=ExtResource("5_x17pv")]
transform = Transform3D(-0.477788, 0, 0.878475, 0, 1, 0, -0.878475, 0, -0.477788, -19.461, 2.1886, 64.8013)

[node name="SpawnPoint_4" parent="Obectives/Flags/CapturePointC/Spawns/Team1" instance=ExtResource("5_x17pv")]
transform = Transform3D(0.996908, 0, -0.0785806, 0, 1, 0, 0.0785806, 0, 0.996908, -31.8244, 3.6263, 28.3716)

[node name="SpawnPoint_5" parent="Obectives/Flags/CapturePointC/Spawns/Team1" instance=ExtResource("5_x17pv")]
transform = Transform3D(0.984826, 0, -0.173545, 0, 1, 0, 0.173545, 0, 0.984826, -37.6794, 2.70984, -4.0394)

[node name="Team2" type="Node3D" parent="Obectives/Flags/CapturePointC/Spawns"]

[node name="SpawnPoint_6" parent="Obectives/Flags/CapturePointC/Spawns/Team2" instance=ExtResource("5_x17pv")]
transform = Transform3D(-0.867627, 0, 0.497216, 0, 1, 0, -0.497216, 0, -0.867627, 35.8732, 2.17304, 19.7174)

[node name="SpawnPoint_7" parent="Obectives/Flags/CapturePointC/Spawns/Team2" instance=ExtResource("5_x17pv")]
transform = Transform3D(-0.867627, 0, 0.497216, 0, 1, 0, -0.497216, 0, -0.867627, 33.7049, 2.1983, -4.73228)

[node name="SpawnPoint_8" parent="Obectives/Flags/CapturePointC/Spawns/Team2" instance=ExtResource("5_x17pv")]
transform = Transform3D(0.955062, 0, -0.296408, 0, 1, 0, 0.296408, 0, 0.955062, 28.0256, 2.06919, -57.14)

[node name="SpawnPoint_9" parent="Obectives/Flags/CapturePointC/Spawns/Team2" instance=ExtResource("5_x17pv")]
transform = Transform3D(0.849194, 0, -0.528083, 0, 1, 0, 0.528083, 0, 0.849194, 21.0914, 2.29682, 37.8039)

[node name="SpawnPoint_10" parent="Obectives/Flags/CapturePointC/Spawns/Team2" instance=ExtResource("5_x17pv")]
transform = Transform3D(0.0960021, 0, -0.995381, 0, 1, 0, 0.995381, 0, 0.0960021, 19.8158, 2.24475, -48.0919)

[node name="AreaTrigger" parent="." node_paths=PackedStringArray("Area") instance=ExtResource("14_5pghb")]
ObjId = 7001
Area = NodePath("../TEAM_1_HQ/HQ_Team1")

[node name="AreaTrigger2" parent="." node_paths=PackedStringArray("Area") instance=ExtResource("14_5pghb")]
ObjId = 7002
Area = NodePath("../TEAM_2_HQ/HQ_Team2")
