[gd_scene load_steps=23 format=3 uid="uid://ddfllmceqwa0n"]

[ext_resource type="PackedScene" path="res://objects/Gameplay/Common/Sector.tscn" id="1_mvi22"]
[ext_resource type="PackedScene" path="res://objects/Gameplay/Common/DeployCam.tscn" id="2_l7mue"]
[ext_resource type="PackedScene" path="res://static/MP_Battery_Terrain.tscn" id="3_d7x38"]
[ext_resource type="PackedScene" path="res://static/MP_Battery_Assets.tscn" id="4_howri"]
[ext_resource type="Script" uid="uid://dbxj70dx52h6f" path="res://scripts/gameplay/common/CombatArea.gd" id="5_w0w8x"]
[ext_resource type="PackedScene" uid="uid://jv31so3xcr7p" path="res://addons/bf_portal/portal_tools/types/PolygonVolume/PolygonVolume.tscn" id="6_32w0w"]
[ext_resource type="PackedScene" path="res://objects/Gameplay/Common/HQ_PlayerSpawner.tscn" id="7_1fefq"]
[ext_resource type="PackedScene" path="res://objects/entities/SpawnPoint.tscn" id="8_pu0lf"]
[ext_resource type="PackedScene" path="res://objects/Gameplay/Common/InteractPoint.tscn" id="9_au4en"]
[ext_resource type="PackedScene" path="res://objects/gameplay/common/VehicleSpawner.tscn" id="10_sdvic"]
[ext_resource type="PackedScene" path="res://objects/props/FlagPole_01_USA.tscn" id="11_qnnnc"]
[ext_resource type="Script" uid="uid://3hvpbglts2bi" path="res://scripts/gameplay/common/WorldIcon.gd" id="12_w1m4g"]
[ext_resource type="PackedScene" path="res://objects/Gameplay/Common/WorldIcon.tscn" id="13_teskm"]
[ext_resource type="PackedScene" path="res://objects/props/BarrierStoneBlock_01_G.tscn" id="14_wkodg"]
[ext_resource type="PackedScene" path="res://objects/props/BarrierStoneBlock_01_A.tscn" id="15_cupvg"]
[ext_resource type="PackedScene" path="res://objects/gameplay/common/AreaTrigger.tscn" id="16_ef6lc"]
[ext_resource type="PackedScene" path="res://objects/Gameplay/Conquest/CapturePoint.tscn" id="17_k0mxx"]
[ext_resource type="PackedScene" path="res://objects/props/BarrierStoneBlock_01_F.tscn" id="19_m8ffd"]
[ext_resource type="PackedScene" path="res://objects/uncategorized/GCarSedan_02.tscn" id="20_howri"]
[ext_resource type="PackedScene" path="res://objects/uncategorized/GM1083CargoTruck_01_Canopy.tscn" id="21_w0w8x"]
[ext_resource type="PackedScene" path="res://objects/props/BarrierStoneBlock_01_E.tscn" id="22_32w0w"]
[ext_resource type="PackedScene" path="res://objects/props/BarrierStoneBlock_01_H.tscn" id="22_a1cjy"]

[node name="MP_Battery" type="Node3D"]

[node name="Sector" parent="." node_paths=PackedStringArray("SectorArea", "CapturePoints") instance=ExtResource("1_mvi22")]
SectorArea = NodePath("../CombatArea/PolygonVolume")
CapturePoints = [NodePath("../CapturePointA"), NodePath("../CapturePointB"), NodePath("../CapturePointC")]

[node name="Sector - Detects Team1 HQ Area" parent="." node_paths=PackedStringArray("SectorArea") instance=ExtResource("1_mvi22")]
transform = Transform3D(1, 0, 0, 0, 1, 0, 0, 0, 1, -287.32, 67.3944, 103.71)
ObjId = 3001
SectorArea = NodePath("../CombatArea/Team1_HQ/PolygonVolume")

[node name="Sector - Detects Team2 HQ Area" parent="." node_paths=PackedStringArray("SectorArea") instance=ExtResource("1_mvi22")]
transform = Transform3D(1, 0, 0, 0, 1, 0, 0, 0, 1, -287.318, 67.3944, 103.71)
ObjId = 3001
SectorArea = NodePath("../CombatArea/Team2_HQ/PolygonVolume")

[node name="DeployCam" parent="." instance=ExtResource("2_l7mue")]
transform = Transform3D(1, 0, 0, 0, 0, 1, 0, -1, 0, 830.503, 400, 144.109)

[node name="Static" type="Node3D" parent="."]

[node name="MP_Battery_Terrain" parent="Static" instance=ExtResource("3_d7x38")]
metadata/_edit_lock_ = true

[node name="MP_Battery_Assets" parent="Static" instance=ExtResource("4_howri")]
metadata/_edit_lock_ = true

[node name="CombatArea" type="Node3D" parent="." node_paths=PackedStringArray("CombatVolume")]
transform = Transform3D(1, 0, 0, 0, 1, 0, 0, 0, 1, 820, 89.208, 150)
script = ExtResource("5_w0w8x")
CombatVolume = NodePath("PolygonVolume")

[node name="PolygonVolume" parent="CombatArea" instance=ExtResource("6_32w0w")]
transform = Transform3D(1, 0, 0, 0, 1, 0, 0, 0, 1, -4.768, 0, 6.327)
points = PackedVector2Array(107.64, 39.3767, 100.717, 7.63075, 76.5738, -28.7749, 54.0718, -58.0465, 24.0596, -91.8431, 13.9401, -83.2703, 12.6781, -84.9641, 2.59784, -76.1633, 0.247314, -73.1507, -42.3049, -42.3712, -61.5443, -33.0193, -80.6444, -20.0404, -56.1469, 82.476, -44.3307, 75.6265, -29.7336, 71.2209, -14.4486, 70.3356, -4.15253, 71.1923, 2.15802, 76.1668, 4.17413, 80.6638, 27.9179, 90.2458, 44.8485, 69.0256, 56.5942, 77.9747)

[node name="Team1_HQ" parent="CombatArea" node_paths=PackedStringArray("HQArea", "InfantrySpawns") instance=ExtResource("7_1fefq")]
transform = Transform3D(1, 0, 0, 0, 1, 0, 0, 0, 1, 100, -7.061, 115)
HQArea = NodePath("PolygonVolume")
InfantrySpawns = [NodePath("SpawnPoint"), NodePath("SpawnPoint2"), NodePath("SpawnPoint3"), NodePath("SpawnPoint4")]

[node name="PolygonVolume" parent="CombatArea/Team1_HQ" instance=ExtResource("6_32w0w")]
transform = Transform3D(1, 0, 0, 0, 1, 0, 0, 0, 1, -14.841, 20, -7.381)
points = PackedVector2Array(17.5442, -13.4229, 28.1332, -9.51459, 27.7799, 4.17633, 37.8408, 21.3806, 18.1211, 34.4386, 10.054, 22.1396, 6.21888, 24.7846, -8.32827, 2.69925, -12.8414, 1.94711, -18.727, 6.11609, -32.2363, 2.97116, -57.5928, -10.2632, -62.0077, -11.0468, -45.0795, -32.2622, -33.3326, -23.3187, 17.7162, -61.9122, 18.8105, -51.3008, 16.6975, -45.8514, 10.2471, -38.2889, 8.69012, -33.3955, 18.1432, -28.947, 18.6993, -19.049)

[node name="SpawnPoint" parent="CombatArea/Team1_HQ" instance=ExtResource("8_pu0lf")]
transform = Transform3D(-0.696326, 0, -0.717725, 0, 1, 0, 0.717725, 0, -0.696326, 9.30835, -0.0888214, 15.7366)

[node name="SpawnPoint2" parent="CombatArea/Team1_HQ" instance=ExtResource("8_pu0lf")]
transform = Transform3D(-0.696326, 0, -0.717725, 0, 1, 0, 0.717725, 0, -0.696326, 17.6898, -0.205284, 10.3231)

[node name="SpawnPoint3" parent="CombatArea/Team1_HQ" instance=ExtResource("8_pu0lf")]
transform = Transform3D(-0.696326, 0, -0.717725, 0, 1, 0, 0.717725, 0, -0.696326, 17.7609, -0.258667, 7.71402)

[node name="SpawnPoint4" parent="CombatArea/Team1_HQ" instance=ExtResource("8_pu0lf")]
transform = Transform3D(-0.696326, 0, -0.717725, 0, 1, 0, 0.717725, 0, -0.696326, 5.35217, -0.122498, 19.1589)

[node name="InteractPointSpectate" parent="CombatArea/Team1_HQ" instance=ExtResource("9_au4en")]
transform = Transform3D(1, 0, 0, 0, 1, 0, 0, 0, 1, 11.9273, 0.535103, -11.2236)
ObjId = 6001

[node name="IFVSpawner" parent="CombatArea/Team1_HQ" instance=ExtResource("10_sdvic")]
transform = Transform3D(-0.707107, 0, -0.707107, 0, 1, 0, 0.707107, 0, -0.707107, 0, 0, 11.3046)
ObjId = 701
VehicleType = 16
P_DefaultRespawnTime = 120

[node name="InteractArea" parent="CombatArea/Team1_HQ" instance=ExtResource("11_qnnnc")]
transform = Transform3D(1, 0, 0, 0, 1, 0, 0, 0, 1, 0, -0.175461, 0)

[node name="InteractPointChangeTeam" parent="CombatArea/Team1_HQ/InteractArea" instance=ExtResource("9_au4en")]
transform = Transform3D(1, 0, 0, 0, 1, 0, 0, 0, 1, 3, 1, 0)
ObjId = 2001

[node name="WorldIcon" type="Node3D" parent="CombatArea/Team1_HQ/InteractArea/InteractPointChangeTeam"]
script = ExtResource("12_w1m4g")
ObjId = 5001
iconTextVisible = true
iconColor = [0.0, 1.0, 0.0]
iconImagePicker = 6
iconImageVisible = true
iconTeamOwnerId = 1

[node name="InteractPointReady" parent="CombatArea/Team1_HQ/InteractArea" instance=ExtResource("9_au4en")]
transform = Transform3D(1, 0, 0, 0, 1, 0, 0, 0, 1, -3, 1, 0)
ObjId = 2002

[node name="WorldIcon" type="Node3D" parent="CombatArea/Team1_HQ/InteractArea/InteractPointReady"]
script = ExtResource("12_w1m4g")
ObjId = 5002
iconTextVisible = true
iconColor = [0.0, 0.5, 1.0]
iconImagePicker = 7
iconImageVisible = true
iconTeamOwnerId = 1

[node name="WorldIcon" parent="CombatArea/Team1_HQ/InteractArea" instance=ExtResource("13_teskm")]
transform = Transform3D(1, 0, 0, 0, 1, 0, 0, 0, 1, 0, 2, 0)
ObjId = 5011
iconTextVisible = true
iconColor = [0.0, 0.0, 1.0]
iconImagePicker = 7
iconTeamOwnerId = 1

[node name="BarrierStoneBlock_01_G" parent="CombatArea/Team1_HQ/InteractArea" instance=ExtResource("14_wkodg")]
transform = Transform3D(0.913666, 0, 0.406466, 0, 1, 0, -0.406466, 0, 0.913666, -37.8062, 5.40948, -90.9887)

[node name="BarrierStoneBlock_01_G2" parent="CombatArea/Team1_HQ/InteractArea" instance=ExtResource("14_wkodg")]
transform = Transform3D(0.913666, 0, 0.406466, 0, 1, 0, -0.406466, 0, 0.913666, -35.9351, 5.40948, -85.9878)

[node name="BarrierStoneBlock_01_G3" parent="CombatArea/Team1_HQ/InteractArea" instance=ExtResource("14_wkodg")]
transform = Transform3D(0.313926, 0, 0.949447, 0, 1, 0, -0.949447, 0, 0.313926, -32.5709, 6.08515, -83.2149)

[node name="BarrierStoneBlock_01_G4" parent="CombatArea/Team1_HQ/InteractArea" instance=ExtResource("14_wkodg")]
transform = Transform3D(-0.9641, 0, -0.265539, 0, 1, 0, 0.265539, 0, -0.9641, -17.5659, -0.0803375, -97.6331)

[node name="BarrierStoneBlock_01_G19" parent="CombatArea/Team1_HQ/InteractArea" instance=ExtResource("14_wkodg")]
transform = Transform3D(-0.9641, 0, -0.265539, 0, 1, 0, 0.265539, 0, -0.9641, -18.9996, -0.0803375, -101.058)

[node name="BarrierStoneBlock_01_G20" parent="CombatArea/Team1_HQ/InteractArea" instance=ExtResource("14_wkodg")]
transform = Transform3D(0.237694, 0.128121, -0.962853, -0.0307065, 0.991759, 0.124386, 0.970855, 0, 0.239669, -22.6478, -0.0803375, -102.127)

[node name="BarrierStoneBlock_01_G21" parent="CombatArea/Team1_HQ/InteractArea" instance=ExtResource("14_wkodg")]
transform = Transform3D(0.845585, 0.00574028, -0.53381, 0.0014119, 0.999915, 0.0129891, 0.533839, -0.011737, 0.845505, -61.1209, 7.87227, -75.7728)

[node name="BarrierStoneBlock_01_G25" parent="CombatArea/Team1_HQ/InteractArea" instance=ExtResource("14_wkodg")]
transform = Transform3D(0.834556, 0.00597773, -0.55089, 0.0014119, 0.999915, 0.0129891, 0.550921, -0.0116179, 0.834477, -58.8295, 7.87227, -78.9839)

[node name="BarrierStoneBlock_01_G22" parent="CombatArea/Team1_HQ/InteractArea" instance=ExtResource("14_wkodg")]
transform = Transform3D(0.845585, 0.00574028, -0.53381, 0.0014119, 0.999915, 0.0129891, 0.533839, -0.011737, 0.845505, -64.0572, 8.06097, -71.8113)

[node name="BarrierStoneBlock_01_G23" parent="CombatArea/Team1_HQ/InteractArea" instance=ExtResource("14_wkodg")]
transform = Transform3D(0.845585, 0.00574028, -0.53381, 0.0014119, 0.999915, 0.0129891, 0.533839, -0.011737, 0.845505, -66.7065, 8.40838, -67.4634)

[node name="BarrierStoneBlock_01_G24" parent="CombatArea/Team1_HQ/InteractArea" instance=ExtResource("14_wkodg")]
transform = Transform3D(0.814183, 0.00639208, -0.580573, 0.0014119, 0.999915, 0.0129891, 0.580607, -0.0113952, 0.814105, -68.6171, 7.57932, -65.6598)

[node name="BarrierStoneBlock_01_G5" parent="CombatArea/Team1_HQ/InteractArea" instance=ExtResource("14_wkodg")]
transform = Transform3D(-0.9641, 3.23561e-09, -0.265539, 0.0928288, 0.936904, -0.337036, 0.248785, -0.349586, -0.903269, -15.8834, 0.672104, -92.6432)

[node name="BarrierStoneBlock_01_G6" parent="CombatArea/Team1_HQ/InteractArea" instance=ExtResource("14_wkodg")]
transform = Transform3D(-0.930913, -0.00578528, -0.365194, 0.0146238, 0.998482, -0.0530951, 0.364947, -0.0547674, -0.929416, -14.3528, 1.31629, -87.9179)

[node name="BarrierStoneBlock_01_G7" parent="CombatArea/Team1_HQ/InteractArea" instance=ExtResource("14_wkodg")]
transform = Transform3D(-0.930913, -0.00578528, -0.365194, 0.0146238, 0.998482, -0.0530951, 0.364947, -0.0547674, -0.929416, -12.9094, 1.84522, -83.7488)

[node name="BarrierStoneBlock_01_G8" parent="CombatArea/Team1_HQ/InteractArea" instance=ExtResource("14_wkodg")]
transform = Transform3D(-0.52397, 0.0528784, 0.850093, 0.0146238, 0.998482, -0.0530951, -0.851611, -0.0153886, -0.523949, -13.7868, 7.00237, -56.6282)

[node name="BarrierStoneBlock_01_G9" parent="CombatArea/Team1_HQ/InteractArea" instance=ExtResource("14_wkodg")]
transform = Transform3D(-0.52397, 0.0528784, 0.850093, 0.0146238, 0.998482, -0.0530951, -0.851611, -0.0153886, -0.523949, -9.48724, 6.51277, -59.4588)

[node name="BarrierStoneBlock_01_G10" parent="CombatArea/Team1_HQ/InteractArea" instance=ExtResource("14_wkodg")]
transform = Transform3D(-0.52397, 0.0528784, 0.850093, 0.0146238, 0.998482, -0.0530951, -0.851611, -0.0153886, -0.523949, -7.94739, 5.19729, -61.0395)

[node name="BarrierStoneBlock_01_G11" parent="CombatArea/Team1_HQ/InteractArea" instance=ExtResource("14_wkodg")]
transform = Transform3D(-0.88757, -0.0114896, -0.46053, 0.0146238, 0.998482, -0.0530951, 0.460441, -0.0538603, -0.886055, -16.9937, 7.35719, -57.5641)

[node name="BarrierStoneBlock_01_G12" parent="CombatArea/Team1_HQ/InteractArea" instance=ExtResource("14_wkodg")]
transform = Transform3D(-0.88757, -0.0114896, -0.46053, 0.0146238, 0.998482, -0.0530951, 0.460441, -0.0538603, -0.886055, -19.6345, 8.33032, -62.2559)

[node name="BarrierStoneBlock_01_G13" parent="CombatArea/Team1_HQ/InteractArea" instance=ExtResource("14_wkodg")]
transform = Transform3D(-0.88757, -0.0114896, -0.46053, 0.0146238, 0.998482, -0.0530951, 0.460441, -0.0538603, -0.886055, -20.6307, 8.33032, -64.3894)

[node name="BarrierStoneBlock_01_G15" parent="CombatArea/Team1_HQ/InteractArea" instance=ExtResource("14_wkodg")]
transform = Transform3D(-0.88757, -0.0114896, -0.46053, 0.0146238, 0.998482, -0.0530951, 0.460441, -0.0538603, -0.886055, -29.4331, 8.33032, -80.1598)

[node name="BarrierStoneBlock_01_G16" parent="CombatArea/Team1_HQ/InteractArea" instance=ExtResource("14_wkodg")]
transform = Transform3D(-0.88757, -0.0114896, -0.46053, 0.0146238, 0.998482, -0.0530951, 0.460441, -0.0538603, -0.886055, -27.3378, 8.76451, -75.5531)

[node name="BarrierStoneBlock_01_G17" parent="CombatArea/Team1_HQ/InteractArea" instance=ExtResource("14_wkodg")]
transform = Transform3D(-0.88757, -0.0114896, -0.46053, -0.0210812, 0.999655, 0.0156892, 0.46019, 0.0236339, -0.887506, -25.1973, 8.79632, -71.6034)

[node name="BarrierStoneBlock_01_G18" parent="CombatArea/Team1_HQ/InteractArea" instance=ExtResource("14_wkodg")]
transform = Transform3D(-0.88757, -0.0114896, -0.46053, -0.0210812, 0.999655, 0.0156892, 0.46019, 0.0236339, -0.887506, -20.4126, 9.2944, -64.6365)

[node name="BarrierStoneBlock_01_G14" parent="CombatArea/Team1_HQ/InteractArea" instance=ExtResource("14_wkodg")]
transform = Transform3D(-0.887229, -0.0601124, -0.457397, -0.0286274, 0.996737, -0.0754647, 0.460441, -0.0538603, -0.886055, -17.4347, 9.4622, -58.2688)

[node name="Team2_HQ" parent="CombatArea" node_paths=PackedStringArray("HQArea", "InfantrySpawns") instance=ExtResource("7_1fefq")]
transform = Transform3D(1, 0, 0, 0, 1, 0, 0, 0, 1, -98.1942, -13.653, 59.9888)
Team = 2
AltTeam = 1
HQArea = NodePath("PolygonVolume")
InfantrySpawns = [NodePath("SpawnPoint"), NodePath("SpawnPoint2"), NodePath("SpawnPoint3"), NodePath("SpawnPoint4")]

[node name="PolygonVolume" parent="CombatArea/Team2_HQ" instance=ExtResource("6_32w0w")]
transform = Transform3D(1, 0, 0, 0, 1, 0, 0, 0, 1, -13.914, 20, -5.318)
points = PackedVector2Array(-32.3094, 25.8381, -13.1687, 41.5753, 18.9885, 39.9938, 51.207, 34.2083, 26.6917, -68.4084, -20.0314, -50.3267, -30.8527, -19.7359)

[node name="SpawnPoint" parent="CombatArea/Team2_HQ" instance=ExtResource("8_pu0lf")]
transform = Transform3D(-0.685119, 0, 0.728431, 0, 1, 0, -0.728431, 0, -0.685119, -17.2549, -2.12241, -50.2579)

[node name="SpawnPoint2" parent="CombatArea/Team2_HQ" instance=ExtResource("8_pu0lf")]
transform = Transform3D(0.566608, 0, 0.823988, 0, 1, 0, -0.823988, 0, 0.566608, -11.2548, 1.82696, -33.3942)

[node name="SpawnPoint3" parent="CombatArea/Team2_HQ" instance=ExtResource("8_pu0lf")]
transform = Transform3D(0.0925094, 0, 0.995712, 0, 1, 0, -0.995712, 0, 0.0925094, -15.8675, 0.422005, -15.2412)

[node name="SpawnPoint4" parent="CombatArea/Team2_HQ" instance=ExtResource("8_pu0lf")]
transform = Transform3D(-0.170828, 0, 0.985301, 0, 1, 0, -0.985301, 0, -0.170828, 5.19171, 8.31722, 21.0958)

[node name="InteractArea" parent="CombatArea/Team2_HQ" instance=ExtResource("11_qnnnc")]
transform = Transform3D(-4.37114e-08, 0, 1, 0, 1, 0, -1, 0, -4.37114e-08, -36.5324, 3.84144, 9.13106)

[node name="InteractPointChangeTeam" parent="CombatArea/Team2_HQ/InteractArea" instance=ExtResource("9_au4en")]
transform = Transform3D(-4.37114e-08, 0, 1, 0, 1, 0, -1, 0, -4.37114e-08, 3, 1, 0)
ObjId = 2003

[node name="WorldIcon" type="Node3D" parent="CombatArea/Team2_HQ/InteractArea/InteractPointChangeTeam"]
script = ExtResource("12_w1m4g")
ObjId = 5003
iconTextVisible = true
iconColor = [0.0, 1.0, 0.0]
iconImagePicker = 6
iconImageVisible = true
iconTeamOwnerId = 2

[node name="InteractPointReady" parent="CombatArea/Team2_HQ/InteractArea" instance=ExtResource("9_au4en")]
transform = Transform3D(-1, 0, -8.74228e-08, 0, 1, 0, 8.74228e-08, 0, -1, -3, 1, 0)
ObjId = 2004

[node name="WorldIcon" type="Node3D" parent="CombatArea/Team2_HQ/InteractArea/InteractPointReady"]
script = ExtResource("12_w1m4g")
ObjId = 5004
iconTextVisible = true
iconColor = [0.0, 0.5, 1.0]
iconImagePicker = 7
iconImageVisible = true
iconTeamOwnerId = 2

[node name="WorldIcon" parent="CombatArea/Team2_HQ/InteractArea" instance=ExtResource("13_teskm")]
transform = Transform3D(1, 0, 0, 0, 1, 0, 0, 0, 1, 0, 2, 0)
ObjId = 5012
iconTextVisible = true
iconColor = [0.0, 0.0, 1.0]
iconImagePicker = 7
iconTeamOwnerId = 2

[node name="BarrierStoneBlock_01_A6" parent="." instance=ExtResource("15_cupvg")]
transform = Transform3D(0.961195, 0.158252, -0.225963, -0.0292127, -0.756104, -0.6538, -0.274316, 0.635031, -0.722141, 917.562, 83.3879, 259.655)

[node name="AreaTrigger" parent="." node_paths=PackedStringArray("Area") instance=ExtResource("16_ef6lc")]
ObjId = 7001
Area = NodePath("../CombatArea/Team1_HQ/PolygonVolume")

[node name="AreaTrigger2" parent="." node_paths=PackedStringArray("Area") instance=ExtResource("16_ef6lc")]
ObjId = 7002
Area = NodePath("../CombatArea/Team2_HQ/PolygonVolume")

[node name="CapturePointA" parent="." node_paths=PackedStringArray("CaptureArea", "InfantrySpawnPoints_Team1", "InfantrySpawnPoints_Team2") instance=ExtResource("17_k0mxx")]
transform = Transform3D(1, 0, 0, 0, 1, 0, 0, 0, 1, 869.993, 85.7035, 199.654)
ObjId = 201
CaptureArea = NodePath("CaptureArea")
InfantrySpawnPoints_Team1 = [NodePath("Spawns/Team1/SpawnPoint"), NodePath("Spawns/Team1/SpawnPoint2"), NodePath("Spawns/Team1/SpawnPoint3"), NodePath("Spawns/Team1/SpawnPoint4"), NodePath("Spawns/Team1/SpawnPoint5")]
InfantrySpawnPoints_Team2 = [NodePath("Spawns/Team2/SpawnPoint"), NodePath("Spawns/Team2/SpawnPoint2"), NodePath("Spawns/Team2/SpawnPoint3"), NodePath("Spawns/Team2/SpawnPoint4"), NodePath("Spawns/Team2/SpawnPoint5")]

[node name="CaptureArea" parent="CapturePointA" instance=ExtResource("6_32w0w")]
points = PackedVector2Array(2.22931, -8.59142, -8.6629, 7.50584, 1.08356, 13.8277, 11.8449, 13.5736, 15.0493, -0.301804)
height = 10.0

[node name="Spawns" type="Node3D" parent="CapturePointA"]

[node name="Team1" type="Node3D" parent="CapturePointA/Spawns"]

[node name="SpawnPoint" parent="CapturePointA/Spawns/Team1" instance=ExtResource("8_pu0lf")]
transform = Transform3D(1, 0, 0, 0, 1, 0, 0, 0, 1, 46.5551, -3.77549, 0)

[node name="SpawnPoint2" parent="CapturePointA/Spawns/Team1" instance=ExtResource("8_pu0lf")]
transform = Transform3D(-0.736262, 0, -0.676696, 0, 1, 0, 0.676696, 0, -0.736262, 35.358, -8.86366, -37.515)

[node name="SpawnPoint3" parent="CapturePointA/Spawns/Team1" instance=ExtResource("8_pu0lf")]
transform = Transform3D(-0.685742, 0, -0.727845, 0, 1, 0, 0.727845, 0, -0.685742, 31.6957, -0.0310364, 38.1447)

[node name="SpawnPoint4" parent="CapturePointA/Spawns/Team1" instance=ExtResource("8_pu0lf")]
transform = Transform3D(0.609647, 0, -0.792673, 0, 1, 0, 0.792673, 0, 0.609647, 51.6134, 0, 29.5861)

[node name="SpawnPoint5" parent="CapturePointA/Spawns/Team1" instance=ExtResource("8_pu0lf")]
transform = Transform3D(-0.990655, 0, 0.13639, 0, 1, 0, -0.13639, 0, -0.990655, 42.9611, 0, 41.6906)

[node name="Team2" type="Node3D" parent="CapturePointA/Spawns"]

[node name="SpawnPoint" parent="CapturePointA/Spawns/Team2" instance=ExtResource("8_pu0lf")]
transform = Transform3D(0.63284, 0, 0.774282, 0, 1, 0, -0.774282, 0, 0.63284, -43.855, 3.65222, 24.4016)

[node name="SpawnPoint2" parent="CapturePointA/Spawns/Team2" instance=ExtResource("8_pu0lf")]
transform = Transform3D(-0.606641, 0, -0.794976, 0, 1, 0, 0.794976, 0, -0.606641, -52.6586, 2.05202, 13.2309)

[node name="SpawnPoint3" parent="CapturePointA/Spawns/Team2" instance=ExtResource("8_pu0lf")]
transform = Transform3D(0.742245, 0, -0.670129, 0, 1, 0, 0.670129, 0, 0.742245, -24.0103, -3.45623, -32.1209)

[node name="SpawnPoint4" parent="CapturePointA/Spawns/Team2" instance=ExtResource("8_pu0lf")]
transform = Transform3D(0.708241, 0, 0.70597, 0, 1, 0, -0.70597, 0, 0.708241, -18.9996, -1.4522, -35.5316)

[node name="SpawnPoint5" parent="CapturePointA/Spawns/Team2" instance=ExtResource("8_pu0lf")]
transform = Transform3D(-0.359085, 0, 0.933305, 0, 1, 0, -0.933305, 0, -0.359085, -46.6003, 3.8658, 35.8616)

[node name="CapturePointB" parent="." node_paths=PackedStringArray("CaptureArea", "InfantrySpawnPoints_Team1", "InfantrySpawnPoints_Team2") instance=ExtResource("17_k0mxx")]
transform = Transform3D(1, 0, 0, 0, 1, 0, 0, 0, 1, 853.264, 74.3052, 114.791)
ObjId = 202
CaptureArea = NodePath("CaptureArea")
InfantrySpawnPoints_Team1 = [NodePath("Spawns/Team1/SpawnPoint"), NodePath("Spawns/Team1/SpawnPoint2"), NodePath("Spawns/Team1/SpawnPoint3"), NodePath("Spawns/Team1/SpawnPoint4"), NodePath("Spawns/Team1/SpawnPoint5")]
InfantrySpawnPoints_Team2 = [NodePath("Spawns/Team2/SpawnPoint"), NodePath("Spawns/Team2/SpawnPoint2"), NodePath("Spawns/Team2/SpawnPoint3"), NodePath("Spawns/Team2/SpawnPoint4"), NodePath("Spawns/Team2/SpawnPoint5")]

[node name="CaptureArea" parent="CapturePointB" instance=ExtResource("6_32w0w")]
transform = Transform3D(1, 0, 0, 0, 1, 0, 0, 0, 1, 0, -0.17305, 0)
points = PackedVector2Array(-0.751343, -5.5044, -13.0037, 1.81949, -4.13818, 16.0962, 11.5167, 1.57037)
height = 10.0

[node name="Spawns" type="Node3D" parent="CapturePointB"]

[node name="Team1" type="Node3D" parent="CapturePointB/Spawns"]

[node name="SpawnPoint" parent="CapturePointB/Spawns/Team1" instance=ExtResource("8_pu0lf")]
transform = Transform3D(0.956142, 0, 0.292905, 0, 1, 0, -0.292905, 0, 0.956142, 6.97174, 0.376427, -19.7111)

[node name="SpawnPoint2" parent="CapturePointB/Spawns/Team1" instance=ExtResource("8_pu0lf")]
transform = Transform3D(0.44573, 0, -0.895168, 0, 1, 0, 0.895168, 0, 0.44573, -4.92877, 0.102982, -27.7019)

[node name="SpawnPoint3" parent="CapturePointB/Spawns/Team1" instance=ExtResource("8_pu0lf")]
transform = Transform3D(-0.867921, 0, -0.496702, 0, 1, 0, 0.496702, 0, -0.867921, 30.861, 5.00648, 15.4119)

[node name="SpawnPoint4" parent="CapturePointB/Spawns/Team1" instance=ExtResource("8_pu0lf")]
transform = Transform3D(-0.474227, 0, -0.880403, 0, 1, 0, 0.880403, 0, -0.474227, 22.8663, 9.03274, 48.6216)

[node name="SpawnPoint5" parent="CapturePointB/Spawns/Team1" instance=ExtResource("8_pu0lf")]
transform = Transform3D(0.260403, 0, -0.9655, 0, 1, 0, 0.9655, 0, 0.260403, -15.2347, 0.0918655, -36.7779)

[node name="Team2" type="Node3D" parent="CapturePointB/Spawns"]

[node name="SpawnPoint" parent="CapturePointB/Spawns/Team2" instance=ExtResource("8_pu0lf")]
transform = Transform3D(-0.737336, 0, 0.675526, 0, 1, 0, -0.675526, 0, -0.737336, -37.9413, 5.97675, -3.98732)

[node name="SpawnPoint2" parent="CapturePointB/Spawns/Team2" instance=ExtResource("8_pu0lf")]
transform = Transform3D(0.973371, 0, -0.229235, 0, 1, 0, 0.229235, 0, 0.973371, -30.0834, 3.89815, -27.4178)

[node name="SpawnPoint3" parent="CapturePointB/Spawns/Team2" instance=ExtResource("8_pu0lf")]
transform = Transform3D(-0.989301, 0, -0.145893, 0, 1, 0, 0.145893, 0, -0.989301, -43.1599, 6.13311, 5.1523)

[node name="SpawnPoint4" parent="CapturePointB/Spawns/Team2" instance=ExtResource("8_pu0lf")]
transform = Transform3D(-0.727617, 0, 0.685983, 0, 1, 0, -0.685983, 0, -0.727617, -30.7161, 6.55241, 28.5509)

[node name="SpawnPoint5" parent="CapturePointB/Spawns/Team2" instance=ExtResource("8_pu0lf")]
transform = Transform3D(-0.161982, 0, 0.986794, 0, 1, 0, -0.986794, 0, -0.161982, -63.2058, 4.23335, 4.39857)

[node name="GM1083CargoTruck_01_Canopy" parent="CapturePointB/Spawns/Team2" instance=ExtResource("21_w0w8x")]
transform = Transform3D(0.417507, -0.0897461, 0.904231, 0.0376214, 0.995965, 0.08148, -0.907894, 1.85789e-09, 0.419199, -26.1672, 7.24429, 29.8081)

[node name="CapturePointC" parent="." node_paths=PackedStringArray("CaptureArea", "InfantrySpawnPoints_Team1", "InfantrySpawnPoints_Team2") instance=ExtResource("17_k0mxx")]
transform = Transform3D(1, 0, 0, 0, 1, 0, 0, 0, 1, 792.11, 85.7035, 152.306)
ObjId = 203
CaptureArea = NodePath("CaptureArea")
InfantrySpawnPoints_Team1 = [NodePath("Spawns/Team1/SpawnPoint"), NodePath("Spawns/Team1/SpawnPoint2"), NodePath("Spawns/Team1/SpawnPoint3"), NodePath("Spawns/Team1/SpawnPoint4"), NodePath("Spawns/Team1/SpawnPoint5")]
InfantrySpawnPoints_Team2 = [NodePath("Spawns/Team2/SpawnPoint"), NodePath("Spawns/Team2/SpawnPoint2"), NodePath("Spawns/Team2/SpawnPoint3"), NodePath("Spawns/Team2/SpawnPoint4"), NodePath("Spawns/Team2/SpawnPoint5")]

[node name="CaptureArea" parent="CapturePointC" instance=ExtResource("6_32w0w")]
transform = Transform3D(1, 0, 0, 0, 1, 0, 0, 0, 1, -0.847046, -3.61683, 1.97267)
points = PackedVector2Array(4.47798, -6.98977, -7.41118, -3.96394, -4.22185, 6.77709, 7.15504, 4.17662)
height = 3.0

[node name="Spawns" type="Node3D" parent="CapturePointC"]

[node name="Team1" type="Node3D" parent="CapturePointC/Spawns"]

[node name="SpawnPoint" parent="CapturePointC/Spawns/Team1" instance=ExtResource("8_pu0lf")]
transform = Transform3D(-0.791704, 0, -0.610905, 0, 1, 0, 0.610905, 0, -0.791704, 28.4394, -4.59859, -6.14845)

[node name="SpawnPoint2" parent="CapturePointC/Spawns/Team1" instance=ExtResource("8_pu0lf")]
transform = Transform3D(0.270231, 0, -0.962796, 0, 1, 0, 0.962796, 0, 0.270231, 29.2863, -3.67307, -24.1434)

[node name="SpawnPoint3" parent="CapturePointC/Spawns/Team1" instance=ExtResource("8_pu0lf")]
transform = Transform3D(-0.268987, 0, -0.963144, 0, 1, 0, 0.963144, 0, -0.268987, 31.3345, -3.69524, 15.7475)

[node name="SpawnPoint4" parent="CapturePointC/Spawns/Team1" instance=ExtResource("8_pu0lf")]
transform = Transform3D(0.604669, 0, -0.796477, 0, 1, 0, 0.796477, 0, 0.604669, 10.4097, 0.337067, 37.093)

[node name="SpawnPoint5" parent="CapturePointC/Spawns/Team1" instance=ExtResource("8_pu0lf")]
transform = Transform3D(0.291153, 0, -0.956676, 0, 1, 0, 0.956676, 0, 0.291153, 24.168, -6.37457, -20.9795)

[node name="Team2" type="Node3D" parent="CapturePointC/Spawns"]

[node name="SpawnPoint" parent="CapturePointC/Spawns/Team2" instance=ExtResource("8_pu0lf")]
transform = Transform3D(-0.970506, 0, 0.241075, 0, 1, 0, -0.241075, 0, -0.970506, -33.6198, -3.752, 4.8419)

[node name="SpawnPoint2" parent="CapturePointC/Spawns/Team2" instance=ExtResource("8_pu0lf")]
transform = Transform3D(-0.997949, 0, -0.0640097, 0, 1, 0, 0.0640097, 0, -0.997949, -29.6497, -3.53829, 25.7377)

[node name="SpawnPoint3" parent="CapturePointC/Spawns/Team2" instance=ExtResource("8_pu0lf")]
transform = Transform3D(-0.992822, 0, 0.1196, 0, 1, 0, -0.1196, 0, -0.992822, -22.2178, -0.821716, 38.4247)

[node name="SpawnPoint4" parent="CapturePointC/Spawns/Team2" instance=ExtResource("8_pu0lf")]
transform = Transform3D(0.868484, 0, 0.495716, 0, 1, 0, -0.495716, 0, 0.868484, -15.2964, -6.624, -30.0848)

[node name="SpawnPoint5" parent="CapturePointC/Spawns/Team2" instance=ExtResource("8_pu0lf")]
transform = Transform3D(0.356216, 0, 0.934404, 0, 1, 0, -0.934404, 0, 0.356216, -39.3986, -5.95049, -6.16139)

[node name="BarrierStoneBlock_01_F" parent="." instance=ExtResource("19_m8ffd")]
transform = Transform3D(0.149871, 0.328997, -0.932362, -0.974323, 0.209407, -0.0827242, 0.168027, 0.92082, 0.351933, 770.814, 85.4608, 157.229)

[node name="BarrierStoneBlock_01_F2" parent="." instance=ExtResource("19_m8ffd")]
transform = Transform3D(-0.0686181, -0.106223, -0.991972, 0.986923, 0.138142, -0.0830616, 0.145856, -0.984699, 0.0953552, 786.859, 85.8674, 157.652)

[node name="GCarSedan_02" parent="." instance=ExtResource("20_howri")]
transform = Transform3D(-0.13191, 0, 0.991262, 0, 1, 0, -0.991262, 0, -0.13191, 853.762, 78.183, 115.316)

[node name="GCarSedan_05" parent="." instance=ExtResource("20_howri")]
transform = Transform3D(-0.0523533, -0.0396737, 0.997841, -0.00525007, 0.999208, 0.0394527, -0.998615, -0.00317326, -0.0525201, 860.431, 82.6759, 155.546)

[node name="GCarSedan_04" parent="." instance=ExtResource("20_howri")]
transform = Transform3D(0.814875, 0, 0.579637, -0.0397774, 0.997643, 0.0559206, -0.57827, -0.0686247, 0.812954, 841.841, 74.3442, 93.6397)

[node name="GCarSedan_03" parent="." instance=ExtResource("20_howri")]
transform = Transform3D(0.384166, 0, 0.923264, 0, 1, 0, -0.923264, 0, 0.384166, 868.531, 78.1279, 111.667)

[node name="GM1083CargoTruck_01_Canopy" parent="." instance=ExtResource("21_w0w8x")]
transform = Transform3D(1, 0, 0, 0, 1, 0, 0, 0, 1, 850.533, 78.1381, 122.942)

[node name="BarrierStoneBlock_01_E" parent="." instance=ExtResource("22_32w0w")]
transform = Transform3D(0.614203, 0, -0.789148, 0, 1, 0, 0.789148, 0, 0.614203, 845.454, 78.2021, 115.772)

[node name="BarrierStoneBlock_01_E2" parent="." instance=ExtResource("22_32w0w")]
transform = Transform3D(0.72428, 0, -0.689506, 0, 1, 0, 0.689506, 0, 0.72428, 826.478, 78.1765, 101.402)

[node name="BarrierStoneBlock_01_E3" parent="." instance=ExtResource("22_32w0w")]
transform = Transform3D(0.72428, 0, -0.689506, 0, 1, 0, 0.689506, 0, 0.72428, 824.092, 78.1732, 88.3782)

[node name="AreaTrigger14" parent="." node_paths=PackedStringArray("Area") instance=ExtResource("16_ef6lc")]
ObjId = 20012
Area = NodePath("../PolygonVolume12")

[node name="PolygonVolume12" parent="." instance=ExtResource("6_32w0w")]
transform = Transform3D(1, 0, 0, 0, 1, 0, 0, 0, 1, 778.942, 85.6794, 157.134)
points = PackedVector2Array(17.2097, -11.6728, -20.474, -1.67345, -17.3337, 11.301, 20.598, 2.04533)
height = 8.0

[node name="BarrierStoneBlock_01_H" parent="." instance=ExtResource("22_a1cjy")]
transform = Transform3D(0.721156, 0, -0.692773, 0, 1, 0, 0.692773, 0, 0.721156, 815.684, 78.361, 82.7543)

[node name="BarrierStoneBlock_01_H18" parent="." instance=ExtResource("22_a1cjy")]
transform = Transform3D(0.591324, 0, -0.806434, 0, 1, 0, 0.806434, 0, 0.591324, 787.705, 80.4561, 102.838)

[node name="BarrierStoneBlock_01_H19" parent="." instance=ExtResource("22_a1cjy")]
transform = Transform3D(0.591324, 0, -0.806434, 0, 1, 0, 0.806434, 0, 0.591324, 790.911, 81.3119, 100.418)

[node name="BarrierStoneBlock_01_H20" parent="." instance=ExtResource("22_a1cjy")]
transform = Transform3D(0.591324, 0, -0.806434, 0, 1, 0, 0.806434, 0, 0.591324, 785.071, 81.6667, 105.13)

[node name="BarrierStoneBlock_01_H21" parent="." instance=ExtResource("22_a1cjy")]
transform = Transform3D(0.461284, 0, -0.887252, 0, 1, 0, 0.887252, 0, 0.461284, 770.058, 78.8404, 115.498)

[node name="BarrierStoneBlock_01_H22" parent="." instance=ExtResource("22_a1cjy")]
transform = Transform3D(0.400221, 0, -0.916419, 0, 1, 0, 0.916419, 0, 0.400221, 765.575, 78.581, 117.725)

[node name="BarrierStoneBlock_01_H23" parent="." instance=ExtResource("22_a1cjy")]
transform = Transform3D(0.401532, 0, -0.915845, 0, 1, 0, 0.915845, 0, 0.401532, 761.481, 78.309, 119.452)

[node name="BarrierStoneBlock_01_H24" parent="." instance=ExtResource("22_a1cjy")]
transform = Transform3D(0.401532, 0, -0.915845, 0, 1, 0, 0.915845, 0, 0.401532, 756.803, 78.1911, 121.819)

[node name="BarrierStoneBlock_01_H2" parent="." instance=ExtResource("22_a1cjy")]
transform = Transform3D(0.721156, 0, -0.692773, 0, 1, 0, 0.692773, 0, 0.721156, 819.245, 78.3847, 79.0244)

[node name="BarrierStoneBlock_01_H3" parent="." instance=ExtResource("22_a1cjy")]
transform = Transform3D(0.721156, 0, -0.692773, 0, 1, 0, 0.692773, 0, 0.721156, 819.245, 74.544, 79.0244)

[node name="BarrierStoneBlock_01_H4" parent="." instance=ExtResource("22_a1cjy")]
transform = Transform3D(0.721156, 0, -0.692773, 0, 1, 0, 0.692773, 0, 0.721156, 822.729, 74.3393, 75.124)

[node name="BarrierStoneBlock_01_H5" parent="." instance=ExtResource("22_a1cjy")]
transform = Transform3D(0.721156, 0, -0.692773, 0, 1, 0, 0.692773, 0, 0.721156, 825.205, 74.3393, 72.7753)

[node name="BarrierStoneBlock_01_H6" parent="." instance=ExtResource("22_a1cjy")]
transform = Transform3D(0.721156, 0, -0.692773, 0, 1, 0, 0.692773, 0, 0.721156, 831.506, 74.3393, 71.3311)

[node name="BarrierStoneBlock_01_H7" parent="." instance=ExtResource("22_a1cjy")]
transform = Transform3D(0.686275, 0, -0.727342, 0, 1, 0, 0.727342, 0, 0.686275, 835.174, 74.3393, 67.8843)

[node name="BarrierStoneBlock_01_H8" parent="." instance=ExtResource("22_a1cjy")]
transform = Transform3D(0.686275, 0, -0.727342, 0, 1, 0, 0.727342, 0, 0.686275, 837.825, 74.3393, 65.3213)

[node name="BarrierStoneBlock_01_H9" parent="." instance=ExtResource("22_a1cjy")]
transform = Transform3D(0.772457, 0, 0.635068, 0, 1, 0, -0.635068, 0, 0.772457, 840.477, 74.3393, 65.3213)

[node name="BarrierStoneBlock_01_H10" parent="." instance=ExtResource("22_a1cjy")]
transform = Transform3D(0.772457, 0, 0.635068, 0, 1, 0, -0.635068, 0, 0.772457, 843.747, 74.3393, 69.2542)

[node name="BarrierStoneBlock_01_H11" parent="." instance=ExtResource("22_a1cjy")]
transform = Transform3D(0.772457, 0, 0.635068, 0, 1, 0, -0.635068, 0, 0.772457, 847.238, 74.3393, 73.187)

[node name="BarrierStoneBlock_01_H12" parent="." instance=ExtResource("22_a1cjy")]
transform = Transform3D(0.772457, 0, 0.635068, 0, 1, 0, -0.635068, 0, 0.772457, 850.596, 74.3393, 77.2083)

[node name="BarrierStoneBlock_01_H13" parent="." instance=ExtResource("22_a1cjy")]
transform = Transform3D(0.772457, 0, 0.635068, 0, 1, 0, -0.635068, 0, 0.772457, 853.999, 74.3393, 80.8318)

[node name="BarrierStoneBlock_01_H14" parent="." instance=ExtResource("22_a1cjy")]
transform = Transform3D(0.772457, 0, 0.635068, 0, 1, 0, -0.635068, 0, 0.772457, 857.368, 74.3393, 84.7861)

[node name="BarrierStoneBlock_01_H15" parent="." instance=ExtResource("22_a1cjy")]
transform = Transform3D(0.772457, 0, 0.635068, 0, 1, 0, -0.635068, 0, 0.772457, 860.793, 74.3393, 88.6847)

[node name="BarrierStoneBlock_01_H16" parent="." instance=ExtResource("22_a1cjy")]
transform = Transform3D(0.772457, 0, 0.635068, 0, 1, 0, -0.635068, 0, 0.772457, 864.191, 74.3393, 92.6668)

[node name="BarrierStoneBlock_01_H17" parent="." instance=ExtResource("22_a1cjy")]
transform = Transform3D(0.772457, 0, 0.635068, 0, 1, 0, -0.635068, 0, 0.772457, 867.059, 75.997, 96.2312)

[node name="BarrierStoneBlock_01_H25" parent="." instance=ExtResource("22_a1cjy")]
transform = Transform3D(0.825537, 0, 0.564348, 0, 1, 0, -0.564348, 0, 0.825537, 893.584, 76.9801, 130.371)

[node name="BarrierStoneBlock_01_H26" parent="." instance=ExtResource("22_a1cjy")]
transform = Transform3D(0.825537, 0, 0.564348, 0, 1, 0, -0.564348, 0, 0.825537, 896.616, 76.8613, 134.532)

[node name="BarrierStoneBlock_01_H27" parent="." instance=ExtResource("22_a1cjy")]
transform = Transform3D(0.825537, 0, 0.564348, 0, 1, 0, -0.564348, 0, 0.825537, 899.648, 76.4734, 138.833)

[node name="BarrierStoneBlock_01_H28" parent="." instance=ExtResource("22_a1cjy")]
transform = Transform3D(0.844683, 0, 0.535267, 0, 1, 0, -0.535267, 0, 0.844683, 902.462, 76.2066, 143.129)

[node name="BarrierStoneBlock_01_H29" parent="." instance=ExtResource("22_a1cjy")]
transform = Transform3D(0.844683, 0, 0.535267, 0, 1, 0, -0.535267, 0, 0.844683, 905.219, 76.1102, 147.437)

[node name="BarrierStoneBlock_01_H30" parent="." instance=ExtResource("22_a1cjy")]
transform = Transform3D(0.844683, 0, 0.535267, 0, 1, 0, -0.535267, 0, 0.844683, 908.111, 75.8025, 151.809)

[node name="BarrierStoneBlock_01_H31" parent="." instance=ExtResource("22_a1cjy")]
transform = Transform3D(0.844683, 0, 0.535267, 0, 1, 0, -0.535267, 0, 0.844683, 911.002, 75.8025, 156.181)

[node name="BarrierStoneBlock_01_H32" parent="." instance=ExtResource("22_a1cjy")]
transform = Transform3D(0.844683, 0, 0.535267, 0, 1, 0, -0.535267, 0, 0.844683, 913.964, 75.8442, 160.554)

[node name="BarrierStoneBlock_01_H33" parent="." instance=ExtResource("22_a1cjy")]
transform = Transform3D(0.975653, 0, 0.219318, 0, 1, 0, -0.219318, 0, 0.975653, 915.833, 78.157, 165.555)

[node name="BarrierStoneBlock_01_H34" parent="." instance=ExtResource("22_a1cjy")]
transform = Transform3D(0.966846, 0, 0.255361, 0, 1, 0, -0.255361, 0, 0.966846, 917.318, 77.9059, 170.431)

[node name="BarrierStoneBlock_01_H35" parent="." instance=ExtResource("22_a1cjy")]
transform = Transform3D(0.977224, 0, 0.212212, 0, 1, 0, -0.212212, 0, 0.977224, 918.327, 77.9059, 175.209)

[node name="BarrierStoneBlock_01_H36" parent="." instance=ExtResource("22_a1cjy")]
transform = Transform3D(0.977224, 0, 0.212212, 0, 1, 0, -0.212212, 0, 0.977224, 919.527, 78.4473, 180.011)

[node name="BarrierStoneBlock_01_H37" parent="." instance=ExtResource("22_a1cjy")]
transform = Transform3D(0.977224, 0, 0.212212, 0, 1, 0, -0.212212, 0, 0.977224, 920.487, 78.9345, 185.173)

[node name="BarrierStoneBlock_01_H38" parent="." instance=ExtResource("22_a1cjy")]
transform = Transform3D(0.977224, 0, 0.212212, 0, 1, 0, -0.212212, 0, 0.977224, 921.688, 79.4717, 190.095)

[node name="BarrierStoneBlock_01_H39" parent="." instance=ExtResource("22_a1cjy")]
transform = Transform3D(0.977224, 0, 0.212212, 0, 1, 0, -0.212212, 0, 0.977224, 922.624, 80.7133, 195.209)

[node name="BarrierStoneBlock_01_H40" parent="." instance=ExtResource("22_a1cjy")]
transform = Transform3D(0.995655, 0, 0.0931178, 0, 1, 0, -0.0931178, 0, 0.995655, 923.297, 81.371, 200.227)

[node name="BarrierStoneBlock_01_H41" parent="." instance=ExtResource("22_a1cjy")]
transform = Transform3D(0.995655, 0, 0.0931178, 0, 1, 0, -0.0931178, 0, 0.995655, 923.945, 81.7645, 205.317)

[node name="BarrierStoneBlock_01_H42" parent="." instance=ExtResource("22_a1cjy")]
transform = Transform3D(0.918578, 0, -0.395241, 0, 1, 0, 0.395241, 0, 0.918578, 922.792, 82.2607, 209.446)

[node name="BarrierStoneBlock_01_H43" parent="." instance=ExtResource("22_a1cjy")]
transform = Transform3D(0.918578, 0, -0.395241, 0, 1, 0, 0.395241, 0, 0.918578, 920.787, 83.7779, 213.684)

[node name="BarrierStoneBlock_01_G" parent="." instance=ExtResource("14_wkodg")]
transform = Transform3D(0.194114, 0, -0.980979, 0, 1, 0, 0.980979, 0, 0.194114, 893.27, 85.1655, 248.781)

[node name="BarrierStoneBlock_01_G2" parent="." instance=ExtResource("14_wkodg")]
transform = Transform3D(0.191068, 0.176466, -0.965584, -0.0342547, 0.984307, 0.17311, 0.980979, 0, 0.194114, 881.128, 87.1214, 248.781)
