[gd_scene load_steps=19 format=3 uid="uid://c0b7mm4t8lobl"]

[ext_resource type="PackedScene" path="res://objects/Gameplay/Common/CombatArea.tscn" id="1_kqgyk"]
[ext_resource type="PackedScene" uid="uid://jv31so3xcr7p" path="res://addons/bf_portal/portal_tools/types/PolygonVolume/PolygonVolume.tscn" id="2_6vcf8"]
[ext_resource type="PackedScene" path="res://objects/Gameplay/Common/DeployCam.tscn" id="3_6vtp6"]
[ext_resource type="PackedScene" path="res://objects/Gameplay/Common/Sector.tscn" id="3_nnie0"]
[ext_resource type="PackedScene" path="res://static/MP_Battery_Terrain.tscn" id="4_nnie0"]
[ext_resource type="PackedScene" path="res://static/MP_Battery_Assets.tscn" id="5_n7o5l"]
[ext_resource type="PackedScene" path="res://objects/Gameplay/Common/HQ_PlayerSpawner.tscn" id="6_f1bhc"]
[ext_resource type="PackedScene" path="res://objects/props/BarrierStoneBlock_01_H.tscn" id="6_nnie0"]
[ext_resource type="PackedScene" path="res://objects/entities/SpawnPoint.tscn" id="7_w5pcx"]
[ext_resource type="PackedScene" path="res://objects/Gameplay/Common/InteractPoint.tscn" id="8_0hqyr"]
[ext_resource type="PackedScene" path="res://objects/gameplay/common/VehicleSpawner.tscn" id="9_36ay1"]
[ext_resource type="PackedScene" path="res://objects/gameplay/common/AreaTrigger.tscn" id="9_n7o5l"]
[ext_resource type="PackedScene" path="res://objects/props/FlagPole_01_USA.tscn" id="10_rh3hu"]
[ext_resource type="Script" uid="uid://3hvpbglts2bi" path="res://scripts/gameplay/common/WorldIcon.gd" id="11_qq67c"]
[ext_resource type="PackedScene" path="res://objects/Gameplay/Common/WorldIcon.tscn" id="12_opf6g"]
[ext_resource type="PackedScene" path="res://objects/Gameplay/Conquest/CapturePoint.tscn" id="14_6vtp6"]
[ext_resource type="PackedScene" path="res://objects/props/BarrierBlockConcrete_03_128_120.tscn" id="15_nnie0"]
[ext_resource type="PackedScene" path="res://objects/props/BarrierStoneBlock_01_F.tscn" id="18_f1bhc"]

[node name="MP_Battery" type="Node3D"]

[node name="TEAM_1_HQ" parent="." node_paths=PackedStringArray("HQArea", "InfantrySpawns") instance=ExtResource("6_f1bhc")]
transform = Transform3D(1, 0, 0, 0, 1, 0, 0, 0, 1, 843.172, 74.0865, 64.0589)
AltTeam = 0
ObjId = 101
HQArea = NodePath("PolygonVolume")
InfantrySpawns = [NodePath("SpawnPoint"), NodePath("SpawnPoint2"), NodePath("SpawnPoint3"), NodePath("SpawnPoint4")]

[node name="AreaTrigger" parent="TEAM_1_HQ" node_paths=PackedStringArray("Area") instance=ExtResource("9_n7o5l")]
transform = Transform3D(1, 0, 0, 0, 1, 0, 0, 0, 1, 2.10791, 0, 11.6766)
ObjId = 7001
Area = NodePath("../PolygonVolume")

[node name="PolygonVolume" parent="TEAM_1_HQ" instance=ExtResource("2_6vcf8")]
transform = Transform3D(1, 0, 0, 0, 1, 0, 0, 0, 1, 24.8895, 103.591, 35.0902)
points = PackedVector2Array(-23.7527, 36.8513, -92.3039, -59.9911, -44.5032, -88.5316, -12.0122, -64.4172, 39.7703, 12.7489, 60.496, 35.4264, 47.9953, 63.7861, 23.9068, 45.1209, 0.403508, 19.0062)

[node name="SpawnPoint" parent="TEAM_1_HQ" instance=ExtResource("7_w5pcx")]
transform = Transform3D(-0.696326, 0, -0.717725, 0, 1, 0, 0.717725, 0, -0.696326, 11.8359, 0.314751, 14.1312)

[node name="SpawnPoint2" parent="TEAM_1_HQ" instance=ExtResource("7_w5pcx")]
transform = Transform3D(0.529119, 0, 0.848547, 0, 1, 0, -0.848547, 0, 0.529119, -14.2811, 0.290993, 4.21625)

[node name="SpawnPoint3" parent="TEAM_1_HQ" instance=ExtResource("7_w5pcx")]
transform = Transform3D(0.802838, 0, 0.596197, 0, 1, 0, -0.596197, 0, 0.802838, -3.74658, 0.26741, -20.0057)

[node name="SpawnPoint4" parent="TEAM_1_HQ" instance=ExtResource("7_w5pcx")]
transform = Transform3D(0.547826, 0, -0.836592, 0, 1, 0, 0.836592, 0, 0.547826, 17.8474, 0.459061, 29.877)

[node name="InteractPointSpectate" parent="TEAM_1_HQ" instance=ExtResource("8_0hqyr")]
transform = Transform3D(1, 0, 0, 0, 1, 0, 0, 0, 1, 13.4203, 0.535103, -15.0729)
ObjId = 6001

[node name="IFVSpawner" parent="TEAM_1_HQ" instance=ExtResource("9_36ay1")]
transform = Transform3D(0.866026, 0, -0.5, 0, 1, 0, 0.5, 0, 0.866026, 3.08728, 0.48642, -14.1784)
ObjId = 701
VehicleType = 17
P_DefaultRespawnTime = 120
P_ApplyDamageToAbandonVehicle = false

[node name="TransportSpawner" parent="TEAM_1_HQ" instance=ExtResource("9_36ay1")]
transform = Transform3D(1, 0, 0, 0, 1, 0, 0, 0, 1, -0.888794, 1.04974, -6.8192)
ObjId = 703
VehicleType = 13
P_DefaultRespawnTime = 30
P_ApplyDamageToAbandonVehicle = false
P_KeepAliveAbandonRadius = 10

[node name="InteractArea" parent="TEAM_1_HQ" instance=ExtResource("10_rh3hu")]
transform = Transform3D(1, 0, 0, 0, 1, 0, 0, 0, 1, 0, -0.175461, 0)

[node name="InteractPointChangeTeam" parent="TEAM_1_HQ/InteractArea" instance=ExtResource("8_0hqyr")]
transform = Transform3D(1, 0, 0, 0, 1, 0, 0, 0, 1, 3, 1, 0)
ObjId = 2001

[node name="WorldIcon" type="Node3D" parent="TEAM_1_HQ/InteractArea/InteractPointChangeTeam"]
script = ExtResource("11_qq67c")
ObjId = 5001
iconTextVisible = true
iconColor = [0.0, 1.0, 0.0]
iconImagePicker = 6
iconImageVisible = true
iconTeamOwnerId = 1

[node name="InteractPointReady" parent="TEAM_1_HQ/InteractArea" instance=ExtResource("8_0hqyr")]
transform = Transform3D(1, 0, 0, 0, 1, 0, 0, 0, 1, -3, 1, 0)
ObjId = 2002

[node name="WorldIcon" type="Node3D" parent="TEAM_1_HQ/InteractArea/InteractPointReady"]
script = ExtResource("11_qq67c")
ObjId = 5002
iconTextVisible = true
iconColor = [0.0, 0.5, 1.0]
iconImagePicker = 7
iconImageVisible = true
iconTeamOwnerId = 1

[node name="WorldIcon" parent="TEAM_1_HQ/InteractArea" instance=ExtResource("12_opf6g")]
transform = Transform3D(1, 0, 0, 0, 1, 0, 0, 0, 1, 0, 2, 0)
ObjId = 5011
iconTextVisible = true
iconColor = [0.0, 0.0, 1.0]
iconImagePicker = 7
iconTeamOwnerId = 1

[node name="TEAM_2_HQ" parent="." node_paths=PackedStringArray("HQArea", "InfantrySpawns") instance=ExtResource("6_f1bhc")]
transform = Transform3D(1, 0, 0, 0, 1, 0, 0, 0, 1, 574.711, 69.0719, 105.606)
Team = 2
AltTeam = 0
ObjId = 102
HQArea = NodePath("PolygonVolume")
InfantrySpawns = [NodePath("SpawnPoint"), NodePath("SpawnPoint2"), NodePath("SpawnPoint3"), NodePath("SpawnPoint4")]

[node name="AreaTrigger2" parent="TEAM_2_HQ" node_paths=PackedStringArray("Area") instance=ExtResource("9_n7o5l")]
transform = Transform3D(1, 0, 0, 0, 1, 0, 0, 0, 1, 10.4996, 100, 45.0577)
ObjId = 7002
Area = NodePath("../PolygonVolume")

[node name="PolygonVolume" parent="TEAM_2_HQ" instance=ExtResource("2_6vcf8")]
transform = Transform3D(1, 0, 0, 0, 1, 0, 0, 0, 1, 10.4996, 100, 45.0577)
points = PackedVector2Array(-14.4338, 0.857121, -3.13319, 28.9077, 3.56731, 61.966, 14.3888, 61.2197, 13.2371, -0.370925, 30.2211, -42.5607, 12.1853, -56.9515, -26.6145, -53.7298, -29.4181, 0.662465)

[node name="SpawnPoint" parent="TEAM_2_HQ" instance=ExtResource("7_w5pcx")]
transform = Transform3D(0.995428, 0, 0.0955151, 0, 1, 0, -0.0955151, 0, 0.995428, 8.49591, 0.759903, -6.25543)

[node name="SpawnPoint2" parent="TEAM_2_HQ" instance=ExtResource("7_w5pcx")]
transform = Transform3D(0.932129, 0, 0.362129, 0, 1, 0, -0.362129, 0, 0.932129, 15.7982, 1.73666, 37.3267)

[node name="SpawnPoint3" parent="TEAM_2_HQ" instance=ExtResource("7_w5pcx")]
transform = Transform3D(0.889257, 0, 0.457409, 0, 1, 0, -0.457409, 0, 0.889257, 12.6816, 1.89711, 39.9663)

[node name="SpawnPoint4" parent="TEAM_2_HQ" instance=ExtResource("7_w5pcx")]
transform = Transform3D(0.871463, 0, 0.490462, 0, 1, 0, -0.490462, 0, 0.871463, 14.9232, 0.556458, -3.10886)

[node name="IFVSpawner" parent="TEAM_2_HQ" instance=ExtResource("9_36ay1")]
transform = Transform3D(1, 0, 0, 0, 1, 0, 0, 0, 1, 12.4349, 1.61375, 31.2291)
ObjId = 702
VehicleType = 3
P_DefaultRespawnTime = 120
P_ApplyDamageToAbandonVehicle = false

[node name="InteractArea" parent="TEAM_2_HQ" instance=ExtResource("10_rh3hu")]
transform = Transform3D(-4.37114e-08, 0, 1, 0, 1, 0, -1, 0, -4.37114e-08, 0, 0, 0)

[node name="InteractPointChangeTeam" parent="TEAM_2_HQ/InteractArea" instance=ExtResource("8_0hqyr")]
transform = Transform3D(-4.37114e-08, 0, 1, 0, 1, 0, -1, 0, -4.37114e-08, 3, 1, 0)
ObjId = 2003

[node name="WorldIcon" type="Node3D" parent="TEAM_2_HQ/InteractArea/InteractPointChangeTeam"]
script = ExtResource("11_qq67c")
ObjId = 5003
iconTextVisible = true
iconColor = [0.0, 1.0, 0.0]
iconImagePicker = 6
iconImageVisible = true
iconTeamOwnerId = 2

[node name="InteractPointReady" parent="TEAM_2_HQ/InteractArea" instance=ExtResource("8_0hqyr")]
transform = Transform3D(-1, 0, -8.74228e-08, 0, 1, 0, 8.74228e-08, 0, -1, -3, 1, 0)
ObjId = 2004

[node name="WorldIcon" type="Node3D" parent="TEAM_2_HQ/InteractArea/InteractPointReady"]
script = ExtResource("11_qq67c")
ObjId = 5004
iconTextVisible = true
iconColor = [0.0, 0.5, 1.0]
iconImagePicker = 7
iconImageVisible = true
iconTeamOwnerId = 2

[node name="WorldIcon" parent="TEAM_2_HQ/InteractArea" instance=ExtResource("12_opf6g")]
transform = Transform3D(1, 0, 0, 0, 1, 0, 0, 0, 1, 0, 2, 0)
ObjId = 5012
iconTextVisible = true
iconColor = [0.0, 0.0, 1.0]
iconImagePicker = 7
iconTeamOwnerId = 2

[node name="TransportSpawner2" parent="TEAM_2_HQ" instance=ExtResource("9_36ay1")]
transform = Transform3D(1, 0, 0, 0, 1, 0, 0, 0, 1, 4.05432, 0.911949, -2.43503)
ObjId = 704
VehicleType = 9
P_DefaultRespawnTime = 30
P_ApplyDamageToAbandonVehicle = false
P_KeepAliveAbandonRadius = 10

[node name="CapturePointA" parent="." node_paths=PackedStringArray("CaptureArea", "InfantrySpawnPoints_Team1", "InfantrySpawnPoints_Team2") instance=ExtResource("14_6vtp6")]
transform = Transform3D(1, 0, 0, 0, 1, 0, 0, 0, 1, 791.238, 82.1829, 167.678)
ObjId = 201
CaptureArea = NodePath("CaptureArea")
InfantrySpawnPoints_Team1 = [NodePath("Spawns/Team1/SpawnPoint"), NodePath("Spawns/Team1/SpawnPoint2"), NodePath("Spawns/Team1/SpawnPoint3"), NodePath("Spawns/Team1/SpawnPoint4"), NodePath("Spawns/Team1/SpawnPoint5")]
InfantrySpawnPoints_Team2 = [NodePath("Spawns/Team2/SpawnPoint"), NodePath("Spawns/Team2/SpawnPoint2"), NodePath("Spawns/Team2/SpawnPoint3"), NodePath("Spawns/Team2/SpawnPoint4"), NodePath("Spawns/Team2/SpawnPoint5")]

[node name="CaptureArea" parent="CapturePointA" instance=ExtResource("2_6vcf8")]
transform = Transform3D(1, 0, 0, 0, 1, 0, 0, 0, 1, -0.656006, 0, -6.52563)
points = PackedVector2Array(-16.4506, 3.34678, -10.6757, 15.286, 5.37102, 17.4911, 6.0515, 10.2057, 15.6586, 3.48075, 8.62089, -13.2554, 5.28464, -13.4774, 5.19346, -14.7237, -19.0538, -8.35386)
height = 3.0

[node name="Spawns" type="Node3D" parent="CapturePointA"]

[node name="Team1" type="Node3D" parent="CapturePointA/Spawns"]

[node name="SpawnPoint" parent="CapturePointA/Spawns/Team1" instance=ExtResource("7_w5pcx")]
transform = Transform3D(-0.511638, 0, -0.859201, 0, 1, 0, 0.859201, 0, -0.511638, 34.7782, 3.59389, 33.455)

[node name="SpawnPoint2" parent="CapturePointA/Spawns/Team1" instance=ExtResource("7_w5pcx")]
transform = Transform3D(0.388465, 0, -0.921463, 0, 1, 0, 0.921463, 0, 0.388465, 33.6243, -1.65493, -35.3924)

[node name="SpawnPoint3" parent="CapturePointA/Spawns/Team1" instance=ExtResource("7_w5pcx")]
transform = Transform3D(-0.685742, 0, -0.727845, 0, 1, 0, 0.727845, 0, -0.685742, 20.7192, 6.20372, 51.0255)

[node name="SpawnPoint4" parent="CapturePointA/Spawns/Team1" instance=ExtResource("7_w5pcx")]
transform = Transform3D(0.759464, 0, -0.650549, 0, 1, 0, 0.650549, 0, 0.759464, 45.0038, 0.140976, -4.10739)

[node name="SpawnPoint5" parent="CapturePointA/Spawns/Team1" instance=ExtResource("7_w5pcx")]
transform = Transform3D(0.623129, 0, -0.782119, 0, 1, 0, 0.782119, 0, 0.623129, 29.9882, -3.90141, -62.7819)

[node name="Team2" type="Node3D" parent="CapturePointA/Spawns"]

[node name="SpawnPoint" parent="CapturePointA/Spawns/Team2" instance=ExtResource("7_w5pcx")]
transform = Transform3D(-0.313147, 0, 0.949704, 0, 1, 0, -0.949704, 0, -0.313147, -53.9004, -1.96186, 28.5234)

[node name="SpawnPoint2" parent="CapturePointA/Spawns/Team2" instance=ExtResource("7_w5pcx")]
transform = Transform3D(0.103678, 0, 0.994611, 0, 1, 0, -0.994611, 0, 0.103678, -57.8109, -3.03565, 4.16292)

[node name="SpawnPoint3" parent="CapturePointA/Spawns/Team2" instance=ExtResource("7_w5pcx")]
transform = Transform3D(-0.195433, 0, 0.980718, 0, 1, 0, -0.980718, 0, -0.195433, -35.047, 3.64222, 59.7646)

[node name="SpawnPoint4" parent="CapturePointA/Spawns/Team2" instance=ExtResource("7_w5pcx")]
transform = Transform3D(0.136961, 0, 0.990576, 0, 1, 0, -0.990576, 0, 0.136961, -71.8296, -3.95088, 12.5427)

[node name="SpawnPoint5" parent="CapturePointA/Spawns/Team2" instance=ExtResource("7_w5pcx")]
transform = Transform3D(0.224679, 0, 0.974433, 0, 1, 0, -0.974433, 0, 0.224679, -56.2197, 0.0535049, 36.2985)

[node name="CapturePointB" parent="." node_paths=PackedStringArray("CaptureArea", "InfantrySpawnPoints_Team1", "InfantrySpawnPoints_Team2") instance=ExtResource("14_6vtp6")]
transform = Transform3D(1, 0, 0, 0, 1, 0, 0, 0, 1, 709.077, 75.0112, 101.823)
ObjId = 202
CaptureArea = NodePath("CaptureArea")
InfantrySpawnPoints_Team1 = [NodePath("Spawns/Team1/SpawnPoint"), NodePath("Spawns/Team1/SpawnPoint2"), NodePath("Spawns/Team1/SpawnPoint3"), NodePath("Spawns/Team1/SpawnPoint4"), NodePath("Spawns/Team1/SpawnPoint5")]
InfantrySpawnPoints_Team2 = [NodePath("Spawns/Team2/SpawnPoint"), NodePath("Spawns/Team2/SpawnPoint2"), NodePath("Spawns/Team2/SpawnPoint3"), NodePath("Spawns/Team2/SpawnPoint4"), NodePath("Spawns/Team2/SpawnPoint5")]

[node name="CaptureArea" parent="CapturePointB" instance=ExtResource("2_6vcf8")]
transform = Transform3D(1, 0, 0, 0, 1, 0, 0, 0, 1, -0.778748, -0.735519, -1.25455)
points = PackedVector2Array(1.49786, -9.48165, -12.6751, 4.44045, -7.29277, 7.67597, -1.75964, 10.1498, 14.0858, -0.506332, 5.97498, -12.5784)
height = 6.0

[node name="Spawns" type="Node3D" parent="CapturePointB"]

[node name="Team1" type="Node3D" parent="CapturePointB/Spawns"]

[node name="SpawnPoint" parent="CapturePointB/Spawns/Team1" instance=ExtResource("7_w5pcx")]
transform = Transform3D(0.956142, 0, 0.292905, 0, 1, 0, -0.292905, 0, 0.956142, 8.10229, -2.38796, -42.9916)

[node name="SpawnPoint2" parent="CapturePointB/Spawns/Team1" instance=ExtResource("7_w5pcx")]
transform = Transform3D(0.551006, 0, -0.834502, 0, 1, 0, 0.834502, 0, 0.551006, 60.2515, 5.13367, -22.1826)

[node name="SpawnPoint3" parent="CapturePointB/Spawns/Team1" instance=ExtResource("7_w5pcx")]
transform = Transform3D(0.870089, 0, 0.492895, 0, 1, 0, -0.492895, 0, 0.870089, 0.597778, -3.26007, -41.5566)

[node name="SpawnPoint4" parent="CapturePointB/Spawns/Team1" instance=ExtResource("7_w5pcx")]
transform = Transform3D(0.955696, 0, 0.294357, 0, 1, 0, -0.294357, 0, 0.955696, 76.018, 5.42883, -16.3388)

[node name="SpawnPoint5" parent="CapturePointB/Spawns/Team1" instance=ExtResource("7_w5pcx")]
transform = Transform3D(0.960401, 0, 0.278622, 0, 1, 0, -0.278622, 0, 0.960401, 48.0137, 5.9845, -21.3613)

[node name="Team2" type="Node3D" parent="CapturePointB/Spawns"]

[node name="SpawnPoint" parent="CapturePointB/Spawns/Team2" instance=ExtResource("7_w5pcx")]
transform = Transform3D(0.649992, 0, 0.759941, 0, 1, 0, -0.759941, 0, 0.649992, -54.7643, -3.35395, 16.6944)

[node name="SpawnPoint2" parent="CapturePointB/Spawns/Team2" instance=ExtResource("7_w5pcx")]
transform = Transform3D(-0.530082, 0, 0.847947, 0, 1, 0, -0.847947, 0, -0.530082, -46.3901, -3.26457, 49.4598)

[node name="SpawnPoint3" parent="CapturePointB/Spawns/Team2" instance=ExtResource("7_w5pcx")]
transform = Transform3D(0.30044, 0, 0.953801, 0, 1, 0, -0.953801, 0, 0.30044, -64.0575, -2.44766, 20.0057)

[node name="SpawnPoint4" parent="CapturePointB/Spawns/Team2" instance=ExtResource("7_w5pcx")]
transform = Transform3D(0.382103, 0, 0.92412, 0, 1, 0, -0.92412, 0, 0.382103, -20.8547, 1.55128, 75.1188)

[node name="SpawnPoint5" parent="CapturePointB/Spawns/Team2" instance=ExtResource("7_w5pcx")]
transform = Transform3D(-0.769087, 0, 0.639144, 0, 1, 0, -0.639144, 0, -0.769087, -24.8288, -3.86858, -21.2862)

[node name="CapturePointC" parent="." node_paths=PackedStringArray("CaptureArea", "InfantrySpawnPoints_Team1", "InfantrySpawnPoints_Team2") instance=ExtResource("14_6vtp6")]
transform = Transform3D(1, 0, 0, 0, 1, 0, 0, 0, 1, 641.66, 75.4743, 195.968)
ObjId = 203
CaptureArea = NodePath("CaptureArea")
InfantrySpawnPoints_Team1 = [NodePath("Spawns/Team1/SpawnPoint"), NodePath("Spawns/Team1/SpawnPoint2"), NodePath("Spawns/Team1/SpawnPoint3"), NodePath("Spawns/Team1/SpawnPoint4"), NodePath("Spawns/Team1/SpawnPoint5")]
InfantrySpawnPoints_Team2 = [NodePath("Spawns/Team2/SpawnPoint"), NodePath("Spawns/Team2/SpawnPoint2"), NodePath("Spawns/Team2/SpawnPoint3"), NodePath("Spawns/Team2/SpawnPoint4"), NodePath("Spawns/Team2/SpawnPoint5")]

[node name="CaptureArea" parent="CapturePointC" instance=ExtResource("2_6vcf8")]
transform = Transform3D(1, 0, 0, 0, 1, 0, 0, 0, 1, -1.6994, -0.0872726, 2.2988)
points = PackedVector2Array(15.0853, -12.5121, -14.9764, -12.4032, -14.9764, 12.4849, 14.8675, 12.4304)
height = 6.0

[node name="Spawns" type="Node3D" parent="CapturePointC"]

[node name="Team1" type="Node3D" parent="CapturePointC/Spawns"]

[node name="SpawnPoint" parent="CapturePointC/Spawns/Team1" instance=ExtResource("7_w5pcx")]
transform = Transform3D(-0.992812, 0, -0.119686, 0, 1, 0, 0.119686, 0, -0.992812, 54.3968, 7.1793, 47.6707)

[node name="SpawnPoint2" parent="CapturePointC/Spawns/Team1" instance=ExtResource("7_w5pcx")]
transform = Transform3D(0.996242, 0, -0.0866166, 0, 1, 0, 0.0866166, 0, 0.996242, 72.3349, 2.76276, -6.24295)

[node name="SpawnPoint3" parent="CapturePointC/Spawns/Team1" instance=ExtResource("7_w5pcx")]
transform = Transform3D(-0.268987, 0, -0.963144, 0, 1, 0, 0.963144, 0, -0.268987, 70.2994, 7.35402, 35.1907)

[node name="SpawnPoint4" parent="CapturePointC/Spawns/Team1" instance=ExtResource("7_w5pcx")]
transform = Transform3D(-0.899054, 0, -0.437838, 0, 1, 0, 0.437838, 0, -0.899054, 69.6174, 2.37885, -17.5417)

[node name="SpawnPoint5" parent="CapturePointC/Spawns/Team1" instance=ExtResource("7_w5pcx")]
transform = Transform3D(-0.450223, 0, -0.892916, 0, 1, 0, 0.892916, 0, -0.450223, 86.4588, 8.34386, 38.7262)

[node name="Team2" type="Node3D" parent="CapturePointC/Spawns"]

[node name="SpawnPoint" parent="CapturePointC/Spawns/Team2" instance=ExtResource("7_w5pcx")]
transform = Transform3D(0.964704, 0, 0.263334, 0, 1, 0, -0.263334, 0, 0.964704, -50.6841, -3.27723, -39.0801)

[node name="SpawnPoint2" parent="CapturePointC/Spawns/Team2" instance=ExtResource("7_w5pcx")]
transform = Transform3D(0.778057, 0, 0.628194, 0, 1, 0, -0.628194, 0, 0.778057, -47.5944, 3.93105, 25.8747)

[node name="SpawnPoint3" parent="CapturePointC/Spawns/Team2" instance=ExtResource("7_w5pcx")]
transform = Transform3D(0.0285672, 0, 0.999592, 0, 1, 0, -0.999592, 0, 0.0285672, -26.6275, -2.64154, -59.8299)

[node name="SpawnPoint4" parent="CapturePointC/Spawns/Team2" instance=ExtResource("7_w5pcx")]
transform = Transform3D(1, 0, 0, 0, 1, 0, 0, 0, 1, -48.2084, -2.60703, -43.4332)

[node name="SpawnPoint5" parent="CapturePointC/Spawns/Team2" instance=ExtResource("7_w5pcx")]
transform = Transform3D(0.614382, 0, 0.789009, 0, 1, 0, -0.789009, 0, 0.614382, -51.7919, -3.75322, 2.2856)

[node name="CombatArea" parent="." node_paths=PackedStringArray("CombatVolume") instance=ExtResource("1_kqgyk")]
transform = Transform3D(1, 0, 0, 0, 1, 0, 0, 0, 1, 1458.32, 33.5003, 0)
CombatVolume = NodePath("CombatVolume")

[node name="CombatVolume" parent="CombatArea" instance=ExtResource("2_6vcf8")]
transform = Transform3D(1, 0, 0, 0, 1, 0, 0, 0, 1, -728.699, 57.362, 164.906)
points = PackedVector2Array(46.1404, -125.748, 6.22056, -100.531, -5.058, -107.782, -26.0368, -108.492, -23.6518, -99.9908, -46.547, -87.2384, -61.8536, -72.3346, -70.693, -48.4445, -114.186, -56.8061, -131.173, -14.6141, -130.047, 46.9621, -140.843, 47.7234, -135.619, 65.8218, -48.4588, 79.9557, -34.3458, 82.9585, 2.79623, 80.2209, 11.7792, 74.5972, 17.4032, 73.7208, 18.3522, 77.9568, 31.5712, 74.232, 37.6192, 69.333, 76.1132, 63.6101, 118.2, 83.1484, 186.437, -1.97152, 162.347, -20.6446, 138.847, -46.7369, 114.685, -28.9071)

[node name="Camera3D" type="Camera3D" parent="."]
transform = Transform3D(1, 0, 0, 0, 0.101056, 0.994881, 0, -0.994881, 0.101056, 747.458, 373.711, 132.759)

[node name="DeployCam" parent="Camera3D" instance=ExtResource("3_6vtp6")]
transform = Transform3D(1, 0, 0, 0, -4.37114e-08, 1, 0, -1, -4.37114e-08, 0, 0, 0)

[node name="Extra_Assets" type="Node3D" parent="."]

[node name="BarrierStoneBlock_01_H" parent="Extra_Assets" instance=ExtResource("6_nnie0")]
transform = Transform3D(0.559164, 0, 0.829057, 0, 1, 0, -0.829057, 0, 0.559164, 697.595, 78.3037, 107.179)

[node name="BarrierStoneBlock_01_H4" parent="Extra_Assets" instance=ExtResource("6_nnie0")]
transform = Transform3D(0.694169, 0, -0.719812, 0, 1, 0, 0.719812, 0, 0.694169, 696.757, 78.3037, 102.823)

[node name="BarrierStoneBlock_01_H5" parent="Extra_Assets" instance=ExtResource("6_nnie0")]
transform = Transform3D(0.694169, 0, -0.719812, 0, 1, 0, 0.719812, 0, 0.694169, 700.532, 78.3037, 99.0663)

[node name="BarrierStoneBlock_01_H6" parent="Extra_Assets" instance=ExtResource("6_nnie0")]
transform = Transform3D(0.694169, 0, -0.719812, 0, 1, 0, 0.719812, 0, 0.694169, 704.262, 78.3037, 95.4146)

[node name="BarrierStoneBlock_01_H7" parent="Extra_Assets" instance=ExtResource("6_nnie0")]
transform = Transform3D(0.694169, 0, -0.719812, 0, 1, 0, 0.719812, 0, 0.694169, 707.922, 78.3037, 91.8032)

[node name="BarrierStoneBlock_01_H9" parent="Extra_Assets" instance=ExtResource("6_nnie0")]
transform = Transform3D(0.694169, 0, -0.719812, 0, 1, 0, 0.719812, 0, 0.694169, 696.757, 75.0033, 102.823)

[node name="BarrierStoneBlock_01_H51" parent="Extra_Assets" instance=ExtResource("6_nnie0")]
transform = Transform3D(-0.68411, 0.728919, -0.0258776, 0.00207021, 0.0374191, 0.999297, 0.729375, 0.683576, -0.0271077, 692.973, 77.325, 97.6728)

[node name="BarrierStoneBlock_01_H10" parent="Extra_Assets" instance=ExtResource("6_nnie0")]
transform = Transform3D(0.694169, 0, -0.719812, 0, 1, 0, 0.719812, 0, 0.694169, 700.532, 75.0033, 99.0663)

[node name="BarrierStoneBlock_01_H11" parent="Extra_Assets" instance=ExtResource("6_nnie0")]
transform = Transform3D(0.694169, 0, -0.719812, 0, 1, 0, 0.719812, 0, 0.694169, 704.262, 75.0033, 95.4146)

[node name="BarrierStoneBlock_01_H12" parent="Extra_Assets" instance=ExtResource("6_nnie0")]
transform = Transform3D(0.694169, 0, -0.719812, 0, 1, 0, 0.719812, 0, 0.694169, 707.225, 75.0033, 92.62)

[node name="BarrierStoneBlock_01_H52" parent="Extra_Assets" instance=ExtResource("6_nnie0")]
transform = Transform3D(-0.709004, 0, -0.705204, 0, 1, 0, 0.705204, 0, -0.709004, 702.133, 75.0033, 89.5192)

[node name="BarrierStoneBlock_01_H8" parent="Extra_Assets" instance=ExtResource("6_nnie0")]
transform = Transform3D(0.484642, 0, -0.874713, 0, 1, 0, 0.874713, 0, 0.484642, 711.862, 78.3037, 88.7082)

[node name="BarrierStoneBlock_01_H2" parent="Extra_Assets" instance=ExtResource("6_nnie0")]
transform = Transform3D(0.040654, -0.626318, 0.778507, 0.999054, 0.0134426, -0.0413562, 0.0154369, 0.779452, 0.626272, 697.601, 78.3074, 110.737)

[node name="BarrierStoneBlock_01_H46" parent="Extra_Assets" instance=ExtResource("6_nnie0")]
transform = Transform3D(0.040654, -0.626318, 0.778507, 0.999054, 0.0134426, -0.0413562, 0.0154369, 0.779452, 0.626272, 697.595, 79.4547, 110.734)

[node name="BarrierStoneBlock_01_H3" parent="Extra_Assets" instance=ExtResource("6_nnie0")]
transform = Transform3D(0.040654, -0.626318, 0.778507, 0.999054, 0.0134426, -0.0413562, 0.0154369, 0.779452, 0.626272, 695.615, 78.3074, 113.334)

[node name="BarrierStoneBlock_01_H45" parent="Extra_Assets" instance=ExtResource("6_nnie0")]
transform = Transform3D(0.040654, -0.626318, 0.778507, 0.999054, 0.0134426, -0.0413562, 0.0154369, 0.779452, 0.626272, 695.609, 79.6137, 113.331)

[node name="BarrierStoneBlock_01_H47" parent="Extra_Assets" instance=ExtResource("6_nnie0")]
transform = Transform3D(0.040654, -0.626318, 0.778507, 0.999054, 0.0134426, -0.0413562, 0.0154369, 0.779452, 0.626272, 691.227, 79.1591, 106.949)

[node name="BarrierStoneBlock_01_H48" parent="Extra_Assets" instance=ExtResource("6_nnie0")]
transform = Transform3D(0.040654, -0.626318, 0.778507, 0.999054, 0.0134426, -0.0413562, 0.0154369, 0.779452, 0.626272, 691.22, 80.3064, 106.946)

[node name="BarrierStoneBlock_01_H49" parent="Extra_Assets" instance=ExtResource("6_nnie0")]
transform = Transform3D(0.040654, -0.626318, 0.778507, 0.999054, 0.0134426, -0.0413562, 0.0154369, 0.779452, 0.626272, 689.241, 79.1591, 109.546)

[node name="BarrierStoneBlock_01_H50" parent="Extra_Assets" instance=ExtResource("6_nnie0")]
transform = Transform3D(0.040654, -0.626318, 0.778507, 0.999054, 0.0134426, -0.0413562, 0.0154369, 0.779452, 0.626272, 689.234, 80.4654, 109.543)

[node name="BarrierStoneBlock_01_H13" parent="Extra_Assets" instance=ExtResource("6_nnie0")]
transform = Transform3D(0.0253034, 0.593743, 0.804257, 0.999054, 0.0134426, -0.0413562, -0.0353663, 0.804543, -0.592841, 705.466, 78.6158, 82.1005)

[node name="BarrierStoneBlock_01_H14" parent="Extra_Assets" instance=ExtResource("6_nnie0")]
transform = Transform3D(0.0253034, 0.593743, 0.804257, 0.999054, 0.0134426, -0.0413562, -0.0353663, 0.804543, -0.592841, 707.469, 78.6158, 84.6829)

[node name="BarrierStoneBlock_01_H15" parent="Extra_Assets" instance=ExtResource("6_nnie0")]
transform = Transform3D(1, 0, 0, 0, 1, 0, 0, 0, 1, 655.304, 75.4369, 195.165)

[node name="BarrierStoneBlock_01_H16" parent="Extra_Assets" instance=ExtResource("6_nnie0")]
transform = Transform3D(1, 0, 0, 0, 1, 0, 0, 0, 1, 655.304, 75.4369, 189.994)

[node name="BarrierStoneBlock_01_H17" parent="Extra_Assets" instance=ExtResource("6_nnie0")]
transform = Transform3D(1, 0, 0, 0, 1, 0, 0, 0, 1, 624.871, 75.3856, 193.303)

[node name="BarrierStoneBlock_01_H18" parent="Extra_Assets" instance=ExtResource("6_nnie0")]
transform = Transform3D(1, 0, 0, 0, 1, 0, 0, 0, 1, 624.871, 75.3856, 188.132)

[node name="BarrierStoneBlock_01_H19" parent="Extra_Assets" instance=ExtResource("6_nnie0")]
transform = Transform3D(-0.0233679, 0, 0.999727, 0, 1, 0, -0.999727, 0, -0.0233679, 642.398, 76.0661, 180.593)

[node name="BarrierStoneBlock_01_H20" parent="Extra_Assets" instance=ExtResource("6_nnie0")]
transform = Transform3D(-0.0233679, 0, 0.999727, 0, 1, 0, -0.999727, 0, -0.0233679, 637.263, 76.0661, 180.593)

[node name="BarrierStoneBlock_01_H21" parent="Extra_Assets" instance=ExtResource("6_nnie0")]
transform = Transform3D(0.0512204, 0, 0.998687, 0, 1, 0, -0.998687, 0, 0.0512204, 653.064, 75.5412, 203.142)

[node name="BarrierStoneBlock_01_H22" parent="Extra_Assets" instance=ExtResource("6_nnie0")]
transform = Transform3D(0.0511572, -0.0496691, 0.997455, 0.00254407, 0.998766, 0.0496039, -0.998687, 0, 0.0512204, 648.616, 75.5412, 203.142)

[node name="BarrierStoneBlock_01_H23" parent="Extra_Assets" instance=ExtResource("6_nnie0")]
transform = Transform3D(0.0511572, -0.0496691, 0.997455, 0.00254407, 0.998766, 0.0496039, -0.998687, 0, 0.0512204, 636.731, 75.1651, 203.372)

[node name="BarrierStoneBlock_01_H24" parent="Extra_Assets" instance=ExtResource("6_nnie0")]
transform = Transform3D(0.0511572, -0.0496691, 0.997455, 0.00254407, 0.998766, 0.0496039, -0.998687, 0, 0.0512204, 631.513, 75.1651, 203.372)

[node name="BarrierStoneBlock_01_H25" parent="Extra_Assets" instance=ExtResource("6_nnie0")]
transform = Transform3D(0.248588, 0, -0.968609, 0, 1, 0, 0.968609, 0, 0.248588, 781.264, 85.4401, 162.946)

[node name="BarrierStoneBlock_01_H26" parent="Extra_Assets" instance=ExtResource("6_nnie0")]
transform = Transform3D(0.248588, 0, -0.968609, 0, 1, 0, 0.968609, 0, 0.248588, 786.539, 85.4401, 161.517)

[node name="BarrierStoneBlock_01_H27" parent="Extra_Assets" instance=ExtResource("6_nnie0")]
transform = Transform3D(0.248588, 0, -0.968609, 0, 1, 0, 0.968609, 0, 0.248588, 791.422, 85.4401, 160.464)

[node name="BarrierStoneBlock_01_H28" parent="Extra_Assets" instance=ExtResource("6_nnie0")]
transform = Transform3D(0.248588, 0, -0.968609, 0, 1, 0, 0.968609, 0, 0.248588, 796.253, 85.4401, 159.223)

[node name="BarrierStoneBlock_01_H29" parent="Extra_Assets" instance=ExtResource("6_nnie0")]
transform = Transform3D(0.248588, 0, -0.968609, 0, 1, 0, 0.968609, 0, 0.248588, 764.365, 85.4401, 166.833)

[node name="BarrierStoneBlock_01_H30" parent="Extra_Assets" instance=ExtResource("6_nnie0")]
transform = Transform3D(0.248588, 0, -0.968609, 0, 1, 0, 0.968609, 0, 0.248588, 769.641, 85.4401, 165.404)

[node name="BarrierStoneBlock_01_H31" parent="Extra_Assets" instance=ExtResource("6_nnie0")]
transform = Transform3D(0.248588, 0, -0.968609, 0, 1, 0, 0.968609, 0, 0.248588, 774.523, 85.4401, 164.351)

[node name="BarrierStoneBlock_01_H32" parent="Extra_Assets" instance=ExtResource("6_nnie0")]
transform = Transform3D(0.248588, 0, -0.968609, 0, 1, 0, 0.968609, 0, 0.248588, 779.354, 85.4401, 163.11)

[node name="BarrierStoneBlock_01_H33" parent="Extra_Assets" instance=ExtResource("6_nnie0")]
transform = Transform3D(0.248588, 0, -0.968609, 0, 1, 0, 0.968609, 0, 0.248588, 778.028, 85.4401, 151.474)

[node name="BarrierStoneBlock_01_H34" parent="Extra_Assets" instance=ExtResource("6_nnie0")]
transform = Transform3D(0.248588, 0, -0.968609, 0, 1, 0, 0.968609, 0, 0.248588, 783.304, 85.4401, 150.045)

[node name="BarrierStoneBlock_01_H35" parent="Extra_Assets" instance=ExtResource("6_nnie0")]
transform = Transform3D(0.248588, 0, -0.968609, 0, 1, 0, 0.968609, 0, 0.248588, 788.186, 85.4401, 148.992)

[node name="BarrierStoneBlock_01_H36" parent="Extra_Assets" instance=ExtResource("6_nnie0")]
transform = Transform3D(0.248588, 0, -0.968609, 0, 1, 0, 0.968609, 0, 0.248588, 793.017, 85.4401, 147.751)

[node name="BarrierStoneBlock_01_H37" parent="Extra_Assets" instance=ExtResource("6_nnie0")]
transform = Transform3D(0.248588, 0, -0.968609, 0, 1, 0, 0.968609, 0, 0.248588, 761.129, 85.4401, 155.361)

[node name="BarrierStoneBlock_01_H38" parent="Extra_Assets" instance=ExtResource("6_nnie0")]
transform = Transform3D(-0.971317, 0, -0.237788, 0, 1, 0, 0.237788, 0, -0.971317, 760.22, 85.4401, 159.073)

[node name="BarrierStoneBlock_01_H39" parent="Extra_Assets" instance=ExtResource("6_nnie0")]
transform = Transform3D(-0.971317, 0, -0.237788, 0, 1, 0, 0.237788, 0, -0.971317, 761.572, 85.4401, 164.029)

[node name="BarrierStoneBlock_01_H40" parent="Extra_Assets" instance=ExtResource("6_nnie0")]
transform = Transform3D(-0.971317, 0, -0.237788, 0, 1, 0, 0.237788, 0, -0.971317, 796.104, 85.4401, 149.854)

[node name="BarrierStoneBlock_01_H41" parent="Extra_Assets" instance=ExtResource("6_nnie0")]
transform = Transform3D(-0.971317, 0, -0.237788, 0, 1, 0, 0.237788, 0, -0.971317, 797.455, 85.4401, 154.81)

[node name="BarrierStoneBlock_01_H42" parent="Extra_Assets" instance=ExtResource("6_nnie0")]
transform = Transform3D(0.248588, 0, -0.968609, 0, 1, 0, 0.968609, 0, 0.248588, 766.405, 85.4401, 153.932)

[node name="BarrierStoneBlock_01_H43" parent="Extra_Assets" instance=ExtResource("6_nnie0")]
transform = Transform3D(0.248588, 0, -0.968609, 0, 1, 0, 0.968609, 0, 0.248588, 771.287, 85.4401, 152.879)

[node name="BarrierStoneBlock_01_H44" parent="Extra_Assets" instance=ExtResource("6_nnie0")]
transform = Transform3D(0.248588, 0, -0.968609, 0, 1, 0, 0.968609, 0, 0.248588, 776.118, 85.4401, 151.638)

[node name="BarrierBlockConcrete_03_128_120" parent="Extra_Assets" instance=ExtResource("15_nnie0")]
transform = Transform3D(1, 0, 0, 0, 1, 0, 0, 0, 1, 707.474, 75.0397, 73.4728)

[node name="BarrierBlockConcrete_03_128_121" parent="Extra_Assets" instance=ExtResource("15_nnie0")]
transform = Transform3D(1, 0, 0, 0, 1, 0, 0, 0, 1, 706.176, 75.0397, 73.4728)

[node name="BarrierBlockConcrete_03_128_122" parent="Extra_Assets" instance=ExtResource("15_nnie0")]
transform = Transform3D(1, 0, 0, 0, 1, 0, 0, 0, 1, 704.868, 75.0397, 73.4728)

[node name="BarrierBlockConcrete_03_128_123" parent="Extra_Assets" instance=ExtResource("15_nnie0")]
transform = Transform3D(1, 0, 0, 0, 1, 0, 0, 0, 1, 707.474, 76.245, 73.4728)

[node name="BarrierBlockConcrete_03_128_124" parent="Extra_Assets" instance=ExtResource("15_nnie0")]
transform = Transform3D(1, 0, 0, 0, 1, 0, 0, 0, 1, 706.176, 76.245, 73.4728)

[node name="BarrierBlockConcrete_03_128_125" parent="Extra_Assets" instance=ExtResource("15_nnie0")]
transform = Transform3D(1, 0, 0, 0, 1, 0, 0, 0, 1, 704.868, 76.245, 73.4728)

[node name="BarrierStoneBlock_01_F" parent="Extra_Assets" instance=ExtResource("18_f1bhc")]
transform = Transform3D(0.0315285, 0.282597, -0.958721, -0.993834, 0.110879, -7.24375e-10, 0.106302, 0.952809, 0.28435, 786.365, 85.4325, 154.787)

[node name="BarrierStoneBlock_01_F2" parent="Extra_Assets" instance=ExtResource("18_f1bhc")]
transform = Transform3D(0.0315285, 0.282597, -0.958721, -0.993834, 0.110879, -7.24375e-10, 0.106302, 0.952809, 0.28435, 785.556, 85.0776, 151.972)

[node name="BarrierStoneBlock_01_F5" parent="Extra_Assets" instance=ExtResource("18_f1bhc")]
transform = Transform3D(0.081358, 0.0759136, -0.99379, -0.223788, 0.973027, 0.0560065, 0.971236, 0.217842, 0.096152, 785.828, 85.058, 153.688)

[node name="BarrierStoneBlock_01_F6" parent="Extra_Assets" instance=ExtResource("18_f1bhc")]
transform = Transform3D(0.081358, 0.0759136, -0.99379, -0.223788, 0.973027, 0.0560065, 0.971236, 0.217842, 0.096152, 785.631, 82.1798, 153.071)

[node name="BarrierStoneBlock_01_F3" parent="Extra_Assets" instance=ExtResource("18_f1bhc")]
transform = Transform3D(0.024364, 0.283389, -0.958696, -0.994035, 0.108839, 0.00691059, 0.106302, 0.952809, 0.28435, 771.217, 85.9559, 159.417)

[node name="BarrierStoneBlock_01_F7" parent="Extra_Assets" instance=ExtResource("18_f1bhc")]
transform = Transform3D(-0.102339, 0.0409333, -0.993907, -0.0388971, -0.998554, -0.0371192, -0.993988, 0.0348612, 0.103784, 771.9, 85.9544, 160.381)

[node name="BarrierStoneBlock_01_F4" parent="Extra_Assets" instance=ExtResource("18_f1bhc")]
transform = Transform3D(0.024364, 0.283389, -0.958696, -0.994035, 0.108839, 0.00691059, 0.106302, 0.952809, 0.28435, 770.405, 85.6068, 156.602)

[node name="Static" type="Node3D" parent="."]

[node name="MP_Battery_Terrain" parent="Static" instance=ExtResource("4_nnie0")]
metadata/_edit_lock_ = true

[node name="MP_Battery_Assets" parent="Static" instance=ExtResource("5_n7o5l")]
metadata/_edit_lock_ = true

[node name="Sector" parent="." node_paths=PackedStringArray("SectorArea", "CapturePoints") instance=ExtResource("3_nnie0")]
SectorArea = NodePath("../CombatArea/CombatVolume")
CapturePoints = [NodePath("../CapturePointA"), NodePath("../CapturePointB"), NodePath("../CapturePointC")]
