[gd_scene load_steps=17 format=3 uid="uid://b6ykltc1oey3l"]

[ext_resource type="PackedScene" path="res://objects/Gameplay/Common/HQ_PlayerSpawner.tscn" id="1_n67bi"]
[ext_resource type="PackedScene" uid="uid://jv31so3xcr7p" path="res://addons/bf_portal/portal_tools/types/PolygonVolume/PolygonVolume.tscn" id="2_s0qi4"]
[ext_resource type="PackedScene" path="res://objects/entities/SpawnPoint.tscn" id="3_ufcjm"]
[ext_resource type="PackedScene" path="res://objects/Gameplay/Common/CombatArea.tscn" id="4_mm6c4"]
[ext_resource type="PackedScene" path="res://objects/Gameplay/Common/AreaTrigger.tscn" id="4_s0qi4"]
[ext_resource type="PackedScene" path="res://objects/Gameplay/Common/DeployCam.tscn" id="5_7mjlc"]
[ext_resource type="PackedScene" path="res://objects/Global/Generic/Common/Props/FlagPole_01_USA.tscn" id="5_smkv7"]
[ext_resource type="PackedScene" path="res://static/MP_Badlands_Terrain.tscn" id="6_smkv7"]
[ext_resource type="PackedScene" path="res://objects/Gameplay/Common/InteractPoint.tscn" id="6_v2s65"]
[ext_resource type="Script" uid="uid://47t74odumpid" path="res://scripts/Gameplay/Common/WorldIcon.gd" id="7_gmhy3"]
[ext_resource type="PackedScene" path="res://static/MP_Badlands_Assets.tscn" id="7_v2s65"]
[ext_resource type="PackedScene" path="res://addons/bf_portal/portal_tools/VehicleSpawner.tscn" id="8_smkv7"]
[ext_resource type="PackedScene" path="res://objects/Gameplay/Conquest/CapturePoint.tscn" id="9_v2s65"]
[ext_resource type="PackedScene" path="res://objects/Gameplay/Common/Sector.tscn" id="14_gmhy3"]
[ext_resource type="PackedScene" path="res://objects/Global/Props/BarrierStoneBlock_01_F.tscn" id="15_6vn3r"]
[ext_resource type="PackedScene" path="res://objects/Global/Props/BarrierStoneBlock_01_A.tscn" id="16_cow5h"]

[node name="MP_Badlands" type="Node3D"]

[node name="TEAM_1_HQ" parent="." node_paths=PackedStringArray("HQArea", "InfantrySpawns") instance=ExtResource("1_n67bi")]
transform = Transform3D(1, 0, 0, 0, 1, 0, 0, 0, 1, -114.19, 69.877, -87.7127)
AltTeam = 0
ObjId = 1
HQArea = NodePath("HQ_Team1")
InfantrySpawns = [NodePath("SpawnPoint_1_1"), NodePath("SpawnPoint_1_2"), NodePath("SpawnPoint_1_3"), NodePath("SpawnPoint_1_4")]

[node name="HQ_Team1" parent="TEAM_1_HQ" instance=ExtResource("2_s0qi4")]
transform = Transform3D(1, 0, 0, 0, 1, 0, 0, 0, 1, 13.2026, 5.77018, 0)
points = PackedVector2Array(10.6105, -34.1006, -46.4225, -104.448, -75.8563, -71.6842, -66.7444, 45.8734, -17.2183, 96.2976, 12.7229, 43.5307)

[node name="SpawnPoint_1_1" parent="TEAM_1_HQ" instance=ExtResource("3_ufcjm")]
transform = Transform3D(0.670284, 0, 0.742105, 0, 1, 0, -0.742105, 0, 0.670284, 23.546, -0.343369, -13.17)

[node name="SpawnPoint_1_2" parent="TEAM_1_HQ" instance=ExtResource("3_ufcjm")]
transform = Transform3D(-0.9995, 0, -0.0316198, 0, 1, 0, 0.0316198, 0, -0.9995, 22.0765, -0.316475, -19.3982)

[node name="SpawnPoint_1_3" parent="TEAM_1_HQ" instance=ExtResource("3_ufcjm")]
transform = Transform3D(-0.0428871, 0, 0.99908, 0, 1, 0, -0.99908, 0, -0.0428871, 22.7623, -0.519478, 10.8709)

[node name="SpawnPoint_1_4" parent="TEAM_1_HQ" instance=ExtResource("3_ufcjm")]
transform = Transform3D(-0.0975304, 0, 0.995232, 0, 1, 0, -0.995232, 0, -0.0975304, 23.8606, -0.381584, 3)

[node name="AreaTrigger_HQ1" parent="TEAM_1_HQ" node_paths=PackedStringArray("Area") instance=ExtResource("4_s0qi4")]
ObjId = 7001
Area = NodePath("../HQ_Team1")

[node name="InteractArea" parent="TEAM_1_HQ" instance=ExtResource("5_smkv7")]
transform = Transform3D(-4.37114e-08, 0, 1, 0, 1, 0, -1, 0, -4.37114e-08, 0, 0, 0)

[node name="InteractPointChangeTeam" parent="TEAM_1_HQ/InteractArea" instance=ExtResource("6_v2s65")]
transform = Transform3D(1, 0, 0, 0, 1, 0, 0, 0, 1, 3, 1, 0)
ObjId = 2001

[node name="WorldIcon" type="Node3D" parent="TEAM_1_HQ/InteractArea/InteractPointChangeTeam"]
script = ExtResource("7_gmhy3")
ObjId = 5001
iconTextVisible = true
iconColor = [0.0, 1.0, 0.0]
iconImagePicker = 6
iconImageVisible = true
iconTeamOwnerId = 1

[node name="InteractPointReady" parent="TEAM_1_HQ/InteractArea" instance=ExtResource("6_v2s65")]
transform = Transform3D(1, 0, 0, 0, 1, 0, 0, 0, 1, -3, 1, 0)
ObjId = 2002

[node name="WorldIcon" type="Node3D" parent="TEAM_1_HQ/InteractArea/InteractPointReady"]
script = ExtResource("7_gmhy3")
ObjId = 5002
iconTextVisible = true
iconColor = [0.0, 0.5, 1.0]
iconImagePicker = 7
iconImageVisible = true
iconTeamOwnerId = 1

[node name="InteractPointSpectate" parent="TEAM_1_HQ/InteractArea" instance=ExtResource("6_v2s65")]
transform = Transform3D(1, 0, 0, 0, 1, 0, 0, 0, 1, 15.7337, 1, -4.16156)
ObjId = 6001

[node name="MBTSpawner" parent="TEAM_1_HQ" instance=ExtResource("8_smkv7")]
transform = Transform3D(-4.37114e-08, 0, 1, 0, 1, 0, -1, 0, -4.37114e-08, 0, 0.6483, 7.1242)
ObjId = 701
P_DefaultRespawnTime = 120

[node name="TransportSpawner" parent="TEAM_1_HQ" instance=ExtResource("8_smkv7")]
transform = Transform3D(-4.37114e-08, 0, 1, 0, 1, 0, -1, 0, -4.37114e-08, 0, 0.6483, 11.783)
ObjId = 703
VehicleType = 12
P_DefaultRespawnTime = 30

[node name="TEAM_2_HQ" parent="." node_paths=PackedStringArray("HQArea", "InfantrySpawns") instance=ExtResource("1_n67bi")]
transform = Transform3D(1, 0, 0, 0, 1, 0, 0, 0, 1, 93.4607, 70.9688, -106.524)
Team = 2
AltTeam = 0
ObjId = 2
HQArea = NodePath("HQ_Team2")
InfantrySpawns = [NodePath("SpawnPoint_2_1"), NodePath("SpawnPoint_2_2"), NodePath("SpawnPoint_2_3"), NodePath("SpawnPoint_2_4")]

[node name="HQ_Team2" parent="TEAM_2_HQ" instance=ExtResource("2_s0qi4")]
transform = Transform3D(1, 0, 0, 0, 1, 0, 0, 0, 1, 0, 2.65042, 13.8973)
points = PackedVector2Array(50.8375, 21.703, 24.6121, -46.647, -17.5492, -97.9462, -31.4711, -9.88012, -11.1984, 13.3932)

[node name="SpawnPoint_2_1" parent="TEAM_2_HQ" instance=ExtResource("3_ufcjm")]
transform = Transform3D(0.87795, 0, -0.478754, 0, 1, 0, 0.478754, 0, 0.87795, -25.4468, -4.33853, -1.4007)

[node name="SpawnPoint_2_2" parent="TEAM_2_HQ" instance=ExtResource("3_ufcjm")]
transform = Transform3D(0.468932, 0, -0.883234, 0, 1, 0, 0.883234, 0, 0.468932, 18.1365, 0.0678406, 17.076)

[node name="SpawnPoint_2_3" parent="TEAM_2_HQ" instance=ExtResource("3_ufcjm")]
transform = Transform3D(0.932122, 0, -0.362145, 0, 1, 0, 0.362145, 0, 0.932122, -23.0413, -4.63324, 12.121)

[node name="SpawnPoint_2_4" parent="TEAM_2_HQ" instance=ExtResource("3_ufcjm")]
transform = Transform3D(-0.165771, 0, -0.986164, 0, 1, 0, 0.986164, 0, -0.165771, -9.82667, -3.07764, 25.6368)

[node name="AreaTrigger_HQ2" parent="TEAM_2_HQ" node_paths=PackedStringArray("Area") instance=ExtResource("4_s0qi4")]
ObjId = 7002
Area = NodePath("../HQ_Team2")

[node name="InteractArea" parent="TEAM_2_HQ" instance=ExtResource("5_smkv7")]
transform = Transform3D(-4.37114e-08, 0, 1, 0, 1, 0, -1, 0, -4.37114e-08, 0, 0, 0)

[node name="InteractPointChangeTeam" parent="TEAM_2_HQ/InteractArea" instance=ExtResource("6_v2s65")]
transform = Transform3D(1, 0, 0, 0, 1, 0, 0, 0, 1, -3, 1, 0)
ObjId = 2003

[node name="WorldIcon" type="Node3D" parent="TEAM_2_HQ/InteractArea/InteractPointChangeTeam"]
script = ExtResource("7_gmhy3")
ObjId = 5003
iconTextVisible = true
iconColor = [0.0, 1.0, 0.0]
iconImagePicker = 6
iconImageVisible = true
iconTeamOwnerId = 2

[node name="InteractPointReady" parent="TEAM_2_HQ/InteractArea" instance=ExtResource("6_v2s65")]
transform = Transform3D(-4.37114e-08, 0, 1, 0, 1, 0, -1, 0, -4.37114e-08, 3, 1, 0)
ObjId = 2004

[node name="WorldIcon" type="Node3D" parent="TEAM_2_HQ/InteractArea/InteractPointReady"]
script = ExtResource("7_gmhy3")
ObjId = 5004
iconTextVisible = true
iconColor = [0.0, 0.5, 1.0]
iconImagePicker = 7
iconImageVisible = true
iconTeamOwnerId = 2

[node name="ΜΒΤSpawner2" parent="TEAM_2_HQ" instance=ExtResource("8_smkv7")]
transform = Transform3D(-4.37114e-08, 0, -1, 0, 1, 0, 1, 0, -4.37114e-08, 6.9349, 0.0818939, 10.5954)
ObjId = 702
VehicleType = 1
P_DefaultRespawnTime = 120

[node name="TransportSpawner2" parent="TEAM_2_HQ" instance=ExtResource("8_smkv7")]
transform = Transform3D(-4.37114e-08, 0, -1, 0, 1, 0, 1, 0, -4.37114e-08, 7.99247, 0, -6.29233)
ObjId = 704
VehicleType = 8
P_DefaultRespawnTime = 30

[node name="CapturePointA" parent="." node_paths=PackedStringArray("CaptureArea", "InfantrySpawnPoints_Team1", "InfantrySpawnPoints_Team2") instance=ExtResource("9_v2s65")]
transform = Transform3D(1, 0, 0, 0, 1, 0, 0, 0, 1, -63.3859, 70.802, -164.947)
ObjId = 201
CaptureArea = NodePath("CaptureArea")
InfantrySpawnPoints_Team1 = [NodePath("Team1/SpawnPoint"), NodePath("Team1/SpawnPoint2"), NodePath("Team1/SpawnPoint3"), NodePath("Team1/SpawnPoint4"), NodePath("Team1/SpawnPoint5")]
InfantrySpawnPoints_Team2 = [NodePath("Team2/SpawnPoint"), NodePath("Team2/SpawnPoint2"), NodePath("Team2/SpawnPoint3"), NodePath("Team2/SpawnPoint4"), NodePath("Team2/SpawnPoint5")]

[node name="Team1" type="Node3D" parent="CapturePointA"]

[node name="SpawnPoint" parent="CapturePointA/Team1" instance=ExtResource("3_ufcjm")]
transform = Transform3D(0.442085, 0, 0.896973, 0, 1, 0, -0.896973, 0, 0.442085, -37.6642, 0.746941, -17.9229)

[node name="SpawnPoint2" parent="CapturePointA/Team1" instance=ExtResource("3_ufcjm")]
transform = Transform3D(0.391518, 0, 0.92017, 0, 1, 0, -0.92017, 0, 0.391518, -25.9766, 1.55821, 34.5184)

[node name="SpawnPoint3" parent="CapturePointA/Team1" instance=ExtResource("3_ufcjm")]
transform = Transform3D(1, 0, 0, 0, 1, 0, 0, 0, 1, -29.565, 8.66704, -46.717)

[node name="SpawnPoint4" parent="CapturePointA/Team1" instance=ExtResource("3_ufcjm")]
transform = Transform3D(-0.932891, 0, 0.36016, 0, 1, 0, -0.36016, 0, -0.932891, -35.1908, 0.580833, -19.4939)

[node name="SpawnPoint5" parent="CapturePointA/Team1" instance=ExtResource("3_ufcjm")]
transform = Transform3D(-0.956126, 0, -0.292955, 0, 1, 0, 0.292955, 0, -0.956126, -0.787849, 0.0940552, 44.9224)

[node name="Team2" type="Node3D" parent="CapturePointA"]

[node name="SpawnPoint" parent="CapturePointA/Team2" instance=ExtResource("3_ufcjm")]
transform = Transform3D(-0.709681, 0, -0.704523, 0, 1, 0, 0.704523, 0, -0.709681, 40.7493, 0.320747, 16.152)

[node name="SpawnPoint2" parent="CapturePointA/Team2" instance=ExtResource("3_ufcjm")]
transform = Transform3D(0.281672, 0, -0.959511, 0, 1, 0, 0.959511, 0, 0.281672, 20.1436, 0.799362, -22.4222)

[node name="SpawnPoint3" parent="CapturePointA/Team2" instance=ExtResource("3_ufcjm")]
transform = Transform3D(0.982091, 0, -0.18841, 0, 1, 0, 0.18841, 0, 0.982091, -0.0608101, 1.12925, -59.1932)

[node name="SpawnPoint4" parent="CapturePointA/Team2" instance=ExtResource("3_ufcjm")]
transform = Transform3D(0.073186, 0, -0.997318, 0, 1, 0, 0.997318, 0, 0.073186, 9.84438, 1.21352, -58.6071)

[node name="SpawnPoint5" parent="CapturePointA/Team2" instance=ExtResource("3_ufcjm")]
transform = Transform3D(0.9807, 0, 0.195518, 0, 1, 0, -0.195518, 0, 0.9807, 37.2839, 0.719589, -2.43385)

[node name="CaptureArea" parent="CapturePointA" instance=ExtResource("2_s0qi4")]
transform = Transform3D(1, 0, 0, 0, 1, 0, 0, 0, 1, -0.982933, -0.769157, -0.714874)
points = PackedVector2Array(1.93186, -10.7259, -10.051, -3.10406, 0.150681, 13.0442, 12.577, 5.39867)
height = 4.0

[node name="CapturePointB" parent="." node_paths=PackedStringArray("CaptureArea", "InfantrySpawnPoints_Team1", "InfantrySpawnPoints_Team2") instance=ExtResource("9_v2s65")]
transform = Transform3D(1, 0, 0, 0, 1, 0, 0, 0, 1, -5.94007, 69.67, -83.4458)
ObjId = 202
CaptureArea = NodePath("CaptureArea")
InfantrySpawnPoints_Team1 = [NodePath("Team1/SpawnPoint"), NodePath("Team1/SpawnPoint2"), NodePath("Team1/SpawnPoint3"), NodePath("Team1/SpawnPoint4"), NodePath("Team1/SpawnPoint5")]
InfantrySpawnPoints_Team2 = [NodePath("Team2/SpawnPoint"), NodePath("Team2/SpawnPoint2"), NodePath("Team2/SpawnPoint3"), NodePath("Team2/SpawnPoint4"), NodePath("Team2/SpawnPoint5")]

[node name="Team1" type="Node3D" parent="CapturePointB"]

[node name="SpawnPoint" parent="CapturePointB/Team1" instance=ExtResource("3_ufcjm")]
transform = Transform3D(-0.956727, 0, 0.290986, 0, 1, 0, -0.290986, 0, -0.956727, -44.5792, 0.166718, 9.75994)

[node name="SpawnPoint2" parent="CapturePointB/Team1" instance=ExtResource("3_ufcjm")]
transform = Transform3D(0.324496, 0, 0.945888, 0, 1, 0, -0.945888, 0, 0.324496, -33.1261, 0.168159, 42.6134)

[node name="SpawnPoint3" parent="CapturePointB/Team1" instance=ExtResource("3_ufcjm")]
transform = Transform3D(1, 0, 0, 0, 1, 0, 0, 0, 1, -27.484, 0.896057, -27.4884)

[node name="SpawnPoint4" parent="CapturePointB/Team1" instance=ExtResource("3_ufcjm")]
transform = Transform3D(0.258802, 0, 0.965931, 0, 1, 0, -0.965931, 0, 0.258802, -35.822, 1.16563, -15.173)

[node name="SpawnPoint5" parent="CapturePointB/Team1" instance=ExtResource("3_ufcjm")]
transform = Transform3D(-0.845262, 0, 0.534353, 0, 1, 0, -0.534353, 0, -0.845262, -23.5886, 0.363647, 47.1121)

[node name="Team2" type="Node3D" parent="CapturePointB"]

[node name="SpawnPoint" parent="CapturePointB/Team2" instance=ExtResource("3_ufcjm")]
transform = Transform3D(-0.935826, 0, -0.352462, 0, 1, 0, 0.352462, 0, -0.935826, 29.2506, 1.05029, -4.02125)

[node name="SpawnPoint2" parent="CapturePointB/Team2" instance=ExtResource("3_ufcjm")]
transform = Transform3D(1, 0, 0, 0, 1, 0, 0, 0, 1, 27.8842, 1.47089, -35.8257)

[node name="SpawnPoint3" parent="CapturePointB/Team2" instance=ExtResource("3_ufcjm")]
transform = Transform3D(-0.741543, 0, -0.670905, 0, 1, 0, 0.670905, 0, -0.741543, 20.1579, 1.2307, 22.4344)

[node name="SpawnPoint4" parent="CapturePointB/Team2" instance=ExtResource("3_ufcjm")]
transform = Transform3D(-0.116099, 0, 0.993238, 0, 1, 0, -0.993238, 0, -0.116099, 0.595806, 1.48993, -48.7922)

[node name="SpawnPoint5" parent="CapturePointB/Team2" instance=ExtResource("3_ufcjm")]
transform = Transform3D(0.274698, 0, -0.96153, 0, 1, 0, 0.96153, 0, 0.274698, 25.7604, 0.631836, 10.0752)

[node name="CaptureArea" parent="CapturePointB" instance=ExtResource("2_s0qi4")]
transform = Transform3D(1, 0, 0, 0, 1, 0, 0, 0, 1, -6.56628, 0, 4.99429)
points = PackedVector2Array(5.879, -15.092, -0.902222, 1.69569, 7.03678, 5.08631, 14.3142, -11.4533)
height = 5.0

[node name="CapturePointC" parent="." node_paths=PackedStringArray("CaptureArea", "InfantrySpawnPoints_Team1", "InfantrySpawnPoints_Team2") instance=ExtResource("9_v2s65")]
transform = Transform3D(1, 0, 0, 0, 1, 0, 0, 0, 1, 64.8732, 70.3811, -16.2205)
ObjId = 203
CaptureArea = NodePath("CaptureArea")
InfantrySpawnPoints_Team1 = [NodePath("Team1/SpawnPoint"), NodePath("Team1/SpawnPoint2"), NodePath("Team1/SpawnPoint3"), NodePath("Team1/SpawnPoint4"), NodePath("Team1/SpawnPoint5")]
InfantrySpawnPoints_Team2 = [NodePath("Team2/SpawnPoint"), NodePath("Team2/SpawnPoint2"), NodePath("Team2/SpawnPoint3"), NodePath("Team2/SpawnPoint4"), NodePath("Team2/SpawnPoint5")]

[node name="CaptureArea" parent="CapturePointC" instance=ExtResource("2_s0qi4")]
transform = Transform3D(1, 0, 0, 0, 1, 0, 0, 0, 1, 0, -0.42318, 0)
points = PackedVector2Array(-10.2563, 1.43346, -5.30374, 8.48129, 9.83956, -1.70949, 4.50607, -8.75731)
height = 5.0

[node name="Team1" type="Node3D" parent="CapturePointC"]

[node name="SpawnPoint" parent="CapturePointC/Team1" instance=ExtResource("3_ufcjm")]
transform = Transform3D(0.0827387, 0, 0.996571, 0, 1, 0, -0.996571, 0, 0.0827387, -41.0225, -1.30677, -8.42231)

[node name="SpawnPoint2" parent="CapturePointC/Team1" instance=ExtResource("3_ufcjm")]
transform = Transform3D(-0.801212, 0, -0.598381, 0, 1, 0, 0.598381, 0, -0.801212, -36.3427, -0.548264, 27.6393)

[node name="SpawnPoint3" parent="CapturePointC/Team1" instance=ExtResource("3_ufcjm")]
transform = Transform3D(0.173699, 0, 0.984799, 0, 1, 0, -0.984799, 0, 0.173699, -35.9693, -1.26841, 2.79843)

[node name="SpawnPoint4" parent="CapturePointC/Team1" instance=ExtResource("3_ufcjm")]
transform = Transform3D(-0.984457, 0, 0.175624, 0, 1, 0, -0.175624, 0, -0.984457, -21.405, 0.0313187, -22.3822)

[node name="SpawnPoint5" parent="CapturePointC/Team1" instance=ExtResource("3_ufcjm")]
transform = Transform3D(-0.741075, 0, 0.671423, 0, 1, 0, -0.671423, 0, -0.741075, -33.7833, -0.363876, -20.1609)

[node name="Team2" type="Node3D" parent="CapturePointC"]

[node name="SpawnPoint" parent="CapturePointC/Team2" instance=ExtResource("3_ufcjm")]
transform = Transform3D(0.804282, 0, -0.594247, 0, 1, 0, 0.594247, 0, 0.804282, 34.3523, -0.89576, -13.4129)

[node name="SpawnPoint2" parent="CapturePointC/Team2" instance=ExtResource("3_ufcjm")]
transform = Transform3D(-0.244647, 0, -0.969612, 0, 1, 0, 0.969612, 0, -0.244647, 27.7836, 0.176254, -25.8082)

[node name="SpawnPoint3" parent="CapturePointC/Team2" instance=ExtResource("3_ufcjm")]
transform = Transform3D(-0.471181, 0, -0.882037, 0, 1, 0, 0.882037, 0, -0.471181, 28.7912, -0.833656, 21.5521)

[node name="SpawnPoint4" parent="CapturePointC/Team2" instance=ExtResource("3_ufcjm")]
transform = Transform3D(-0.467406, 0, -0.884043, 0, 1, 0, 0.884043, 0, -0.467406, 22.3489, -1.01632, -38.5445)

[node name="SpawnPoint5" parent="CapturePointC/Team2" instance=ExtResource("3_ufcjm")]
transform = Transform3D(0.0575813, 0, -0.99834, 0, 1, 0, 0.99834, 0, 0.0575813, 14.9451, -0.0370331, -37.1639)

[node name="CombatArea" parent="." node_paths=PackedStringArray("CombatVolume") instance=ExtResource("4_mm6c4")]
transform = Transform3D(1, 0, 0, 0, 1, 0, 0, 0, 1, 1458.32, 33.5003, 0)
CombatVolume = NodePath("CombatVolume")

[node name="CombatVolume" parent="CombatArea" instance=ExtResource("2_s0qi4")]
transform = Transform3D(1, 0, 0, 0, 1, 0, 0, 0, 1, -1379.83, 57.362, -253.193)
points = PackedVector2Array(-184.649, 15.1428, -255.337, 93.8123, -246.216, 211.246, -170.347, 288.692, -23.7444, 290.574, 27.8389, 257.96, 65.8056, 182.331, 39.5824, 113.922, -2.60263, 62.6162, -83.5523, 11.31)
height = 100.0

[node name="Camera3D" type="Camera3D" parent="."]
transform = Transform3D(1, 0, 0, 0, 0.101056, 0.994881, 0, -0.994881, 0.101056, -7.18642, 417.917, -85.0161)

[node name="DeployCam" parent="Camera3D" instance=ExtResource("5_7mjlc")]
transform = Transform3D(1, 0, 0, 0, -4.37114e-08, 1, 0, -1, -4.37114e-08, 0, 0, 0)

[node name="Static" type="Node3D" parent="."]

[node name="MP_Badlands_Terrain" parent="Static" instance=ExtResource("6_smkv7")]
metadata/_edit_lock_ = true

[node name="MP_Badlands_Assets" parent="Static" instance=ExtResource("7_v2s65")]
metadata/_edit_lock_ = true

[node name="Sector" parent="." node_paths=PackedStringArray("SectorArea", "CapturePoints") instance=ExtResource("14_gmhy3")]
SectorArea = NodePath("../CombatArea/CombatVolume")
CapturePoints = [NodePath("../CapturePointA"), NodePath("../CapturePointB"), NodePath("../CapturePointC")]

[node name="Sector2" parent="." node_paths=PackedStringArray("SectorArea") instance=ExtResource("14_gmhy3")]
SectorArea = NodePath("../TEAM_1_HQ/HQ_Team1")

[node name="Sector3" parent="." node_paths=PackedStringArray("SectorArea") instance=ExtResource("14_gmhy3")]
SectorArea = NodePath("../TEAM_2_HQ/HQ_Team2")

[node name="BarrierStoneBlock_01_F" parent="." instance=ExtResource("15_6vn3r")]
transform = Transform3D(0.850903, -0.525323, -2.29626e-08, 0, -4.37114e-08, 1, -0.525323, -0.850903, -3.71941e-08, -53.2373, 76.3188, -161.967)

[node name="BarrierStoneBlock_01_F14" parent="." instance=ExtResource("15_6vn3r")]
transform = Transform3D(0.850903, -0.525323, -2.29626e-08, 0, -4.37114e-08, 1, -0.525323, -0.850903, -3.71941e-08, -51.423, 76.3188, -159.584)

[node name="BarrierStoneBlock_01_F2" parent="." instance=ExtResource("15_6vn3r")]
transform = Transform3D(0.850903, -0.525323, -2.29626e-08, 0, -4.37114e-08, 1, -0.525323, -0.850903, -3.71941e-08, -55.1191, 76.3188, -164.993)

[node name="BarrierStoneBlock_01_F3" parent="." instance=ExtResource("15_6vn3r")]
transform = Transform3D(0.850903, -0.525323, -2.29626e-08, 0, -4.37114e-08, 1, -0.525323, -0.850903, -3.71941e-08, -57.0507, 76.3188, -168.049)

[node name="BarrierStoneBlock_01_F4" parent="." instance=ExtResource("15_6vn3r")]
transform = Transform3D(0.850903, -0.525323, -2.29626e-08, 0, -4.37114e-08, 1, -0.525323, -0.850903, -3.71941e-08, -58.9325, 76.3188, -171.075)

[node name="BarrierStoneBlock_01_F5" parent="." instance=ExtResource("15_6vn3r")]
transform = Transform3D(0.850903, -0.525323, -2.29626e-08, 0, -4.37114e-08, 1, -0.525323, -0.850903, -3.71941e-08, -60.8, 76.3188, -174.114)

[node name="BarrierStoneBlock_01_F13" parent="." instance=ExtResource("15_6vn3r")]
transform = Transform3D(-0.523763, -0.851864, -3.72361e-08, 0, -4.37114e-08, 1, -0.851864, 0.523763, 2.28944e-08, -62.143, 76.3188, -177.5)

[node name="BarrierStoneBlock_01_F6" parent="." instance=ExtResource("15_6vn3r")]
transform = Transform3D(0.850903, -0.525323, -2.29626e-08, 0, -4.37114e-08, 1, -0.525323, -0.850903, -3.71941e-08, -65.7042, 76.3188, -154.539)

[node name="BarrierStoneBlock_01_F11" parent="." instance=ExtResource("15_6vn3r")]
transform = Transform3D(0.858101, -0.513481, -2.2445e-08, 0, -4.37114e-08, 1, -0.513481, -0.858101, -3.75087e-08, -63.8459, 76.3188, -151.326)

[node name="BarrierStoneBlock_01_F7" parent="." instance=ExtResource("15_6vn3r")]
transform = Transform3D(0.850903, -0.525323, -2.29626e-08, 0, -4.37114e-08, 1, -0.525323, -0.850903, -3.71941e-08, -67.5861, 76.3188, -157.565)

[node name="BarrierStoneBlock_01_F8" parent="." instance=ExtResource("15_6vn3r")]
transform = Transform3D(0.850903, -0.525323, -2.29626e-08, 0, -4.37114e-08, 1, -0.525323, -0.850903, -3.71941e-08, -69.5176, 76.3188, -160.621)

[node name="BarrierStoneBlock_01_F9" parent="." instance=ExtResource("15_6vn3r")]
transform = Transform3D(0.850903, -0.525323, -2.29626e-08, 0, -4.37114e-08, 1, -0.525323, -0.850903, -3.71941e-08, -71.3995, 76.3188, -163.647)

[node name="BarrierStoneBlock_01_F10" parent="." instance=ExtResource("15_6vn3r")]
transform = Transform3D(0.850903, -0.525323, -2.29626e-08, 0, -4.37114e-08, 1, -0.525323, -0.850903, -3.71941e-08, -73.267, 76.3188, -166.686)

[node name="BarrierStoneBlock_01_F12" parent="." instance=ExtResource("15_6vn3r")]
transform = Transform3D(0.850903, -0.525323, -2.29626e-08, 0, -4.37114e-08, 1, -0.525323, -0.850903, -3.71941e-08, -74.1594, 76.3188, -167.563)

[node name="BarrierStoneBlock_01_A" parent="." instance=ExtResource("16_cow5h")]
transform = Transform3D(0.497973, 0, -0.867192, 0, 1, 0, 0.867192, 0, 0.497973, -56.4414, 75.0091, -156.308)
