[gd_scene load_steps=22 format=3 uid="uid://mm2wvnke72in"]

[ext_resource type="PackedScene" uid="uid://jv31so3xcr7p" path="res://addons/bf_portal/portal_tools/types/PolygonVolume/PolygonVolume.tscn" id="2_tmkln"]
[ext_resource type="PackedScene" path="res://objects/entities/SpawnPoint.tscn" id="3_hiy7r"]
[ext_resource type="PackedScene" path="res://objects/props/FlagPole_01_USA.tscn" id="4_qonuk"]
[ext_resource type="PackedScene" path="res://objects/Gameplay/Common/InteractPoint.tscn" id="5_k3p0m"]
[ext_resource type="Script" uid="uid://3hvpbglts2bi" path="res://scripts/gameplay/common/WorldIcon.gd" id="6_8g5rc"]
[ext_resource type="PackedScene" path="res://objects/Gameplay/Common/WorldIcon.tscn" id="7_ktpht"]
[ext_resource type="PackedScene" path="res://objects/gameplay/common/VehicleSpawner.tscn" id="8_ynso5"]
[ext_resource type="PackedScene" path="res://objects/gameplay/common/AreaTrigger.tscn" id="9_8tati"]
[ext_resource type="PackedScene" path="res://objects/Gameplay/Common/CombatArea.tscn" id="10_ldho8"]
[ext_resource type="PackedScene" path="res://objects/props/BarrierStoneBlock_01_F.tscn" id="11_2gbve"]
[ext_resource type="PackedScene" path="res://static/MP_Capstone_Terrain.tscn" id="12_va2be"]
[ext_resource type="PackedScene" path="res://static/MP_Capstone_Assets.tscn" id="13_qxbme"]
[ext_resource type="PackedScene" path="res://objects/props/BarrierConcreteWall_01_192x320.tscn" id="14_xd3wj"]
[ext_resource type="PackedScene" path="res://objects/props/BarrierStoneBlock_01_A.tscn" id="15_nojsv"]
[ext_resource type="PackedScene" path="res://objects/props/BarrierBlockConcrete_02_128_60.tscn" id="16_grsik"]
[ext_resource type="PackedScene" path="res://objects/props/BarrierStoneBlock_01_D.tscn" id="17_it2dg"]
[ext_resource type="PackedScene" path="res://objects/Gameplay/Common/DeployCam.tscn" id="18_bgwtd"]
[ext_resource type="PackedScene" path="res://objects/entities/CapturePoint.tscn" id="19_1cbdc"]
[ext_resource type="PackedScene" path="res://objects/Gameplay/Common/Sector.tscn" id="20_q24fl"]
[ext_resource type="PackedScene" path="res://objects/props/BarrierStoneBlock_01_E.tscn" id="21_4xw1o"]
[ext_resource type="PackedScene" path="res://objects/props/BarrierStoneBlock_01_G.tscn" id="22_mbjvo"]

[node name="MP_Capstone" type="Node3D"]

[node name="CombatArea" parent="." node_paths=PackedStringArray("CombatVolume") instance=ExtResource("10_ldho8")]
transform = Transform3D(1, 0, 0, 0, 1, 0, 0, 0, 1, 1458.32, 33.5003, 0)
CombatVolume = NodePath("CombatVolume")

[node name="CombatVolume" parent="CombatArea" instance=ExtResource("2_tmkln")]
transform = Transform3D(1, 0, 0, 0, 1, 0, 0, 0, 1, -1345.45, 150, 152.964)
points = PackedVector2Array(-153.882, -112.624, -196.148, -58.7346, -163.039, 19.106, -98.2307, 56.7936, -92.9474, 94.8334, -68.2919, 97.6512, -45.7498, 79.6879, 110.636, 140.974, 146.563, 81.4491, 141.279, -41.476, 62.6495, -116.528, 6.73104, -137.28)

[node name="Static" type="Node3D" parent="."]

[node name="MP_Capstone_Terrain" parent="Static" instance=ExtResource("12_va2be")]
metadata/_edit_lock_ = true

[node name="MP_Capstone_Assets" parent="Static" instance=ExtResource("13_qxbme")]
metadata/_edit_lock_ = true

[node name="BarrierConcreteWall_01_192x320" parent="Static" instance=ExtResource("14_xd3wj")]
transform = Transform3D(0.497655, 0, 0.867375, 0, 1, 0, -0.867375, 0, 0.497655, 184.011, 142.2, 230.036)

[node name="BarrierConcreteWall_01_192x321" parent="Static" instance=ExtResource("14_xd3wj")]
transform = Transform3D(0.497655, 0, 0.867375, 0, 1, 0, -0.867375, 0, 0.497655, 185.003, 142.2, 228.366)

[node name="BarrierConcreteWall_01_192x322" parent="Static" instance=ExtResource("14_xd3wj")]
transform = Transform3D(0.497655, 0, 0.867375, 0, 1, 0, -0.867375, 0, 0.497655, 185.97, 142.2, 226.724)

[node name="BarrierStoneBlock_01_A" parent="Static" instance=ExtResource("15_nojsv")]
transform = Transform3D(0.752403, 0, -0.658703, 0, 1, 0, 0.658703, 0, 0.752403, 188.109, 142.214, 160.742)

[node name="BarrierStoneBlock_01_F" parent="Static" instance=ExtResource("11_2gbve")]
transform = Transform3D(0.80537, 0, -0.592772, 0, 1, 0, 0.592772, 0, 0.80537, 228.56, 142.769, 257.149)

[node name="BarrierStoneBlock_01_F2" parent="Static" instance=ExtResource("11_2gbve")]
transform = Transform3D(0.80537, 0, -0.592772, 0, 1, 0, 0.592772, 0, 0.80537, 230.1, 142.769, 255.037)

[node name="BarrierStoneBlock_01_F3" parent="Static" instance=ExtResource("11_2gbve")]
transform = Transform3D(0.80537, 0, -0.592772, 0, 1, 0, 0.592772, 0, 0.80537, 231.79, 142.483, 252.973)

[node name="BarrierStoneBlock_01_F4" parent="Static" instance=ExtResource("11_2gbve")]
transform = Transform3D(0.80537, 0, -0.592772, 0, 1, 0, 0.592772, 0, 0.80537, 234.71, 141.682, 249.07)

[node name="BarrierStoneBlock_01_F6" parent="Static" instance=ExtResource("11_2gbve")]
transform = Transform3D(0.928272, 0, -0.371903, 0, 1, 0, 0.371903, 0, 0.928272, 235.94, 141.224, 247.145)

[node name="BarrierStoneBlock_01_F7" parent="Static" instance=ExtResource("11_2gbve")]
transform = Transform3D(0.928272, 0, -0.371903, 0, 1, 0, 0.371903, 0, 0.928272, 236.84, 141.224, 244.706)

[node name="BarrierStoneBlock_01_F8" parent="Static" instance=ExtResource("11_2gbve")]
transform = Transform3D(0.928272, 0, -0.371903, 0, 1, 0, 0.371903, 0, 0.928272, 201.03, 142.358, 253.621)

[node name="BarrierStoneBlock_01_F5" parent="Static" instance=ExtResource("11_2gbve")]
transform = Transform3D(0.80537, 0, -0.592772, 0, 1, 0, 0.592772, 0, 0.80537, 233.13, 141.682, 251.002)

[node name="BarrierStoneBlock_01_A2" parent="Static" instance=ExtResource("15_nojsv")]
transform = Transform3D(0.995144, 0, -0.0984339, 0, 1, 0, 0.0984339, 0, 0.995144, 138.562, 146.577, 191.185)

[node name="BarrierStoneBlock_01_A4" parent="Static" instance=ExtResource("15_nojsv")]
transform = Transform3D(0.995144, 0, -0.0984339, 0, 1, 0, 0.0984339, 0, 0.995144, 138.662, 146.577, 189.999)

[node name="BarrierStoneBlock_01_A3" parent="Static" instance=ExtResource("15_nojsv")]
transform = Transform3D(0.995144, 0, -0.0984339, 0, 1, 0, 0.0984339, 0, 0.995144, 138.434, 146.577, 192.438)

[node name="BarrierBlockConcrete_02_128_60" parent="Static" instance=ExtResource("16_grsik")]
transform = Transform3D(0.627161, 0, 0.778889, 0, 1, 0, -0.778889, 0, 0.627161, 178.727, 139.495, 186.741)

[node name="BarrierBlockConcrete_02_128_63" parent="Static" instance=ExtResource("16_grsik")]
transform = Transform3D(0.627161, 0, 0.778889, 0, 1, 0, -0.778889, 0, 0.627161, 178.727, 140.098, 186.741)

[node name="BarrierBlockConcrete_02_128_61" parent="Static" instance=ExtResource("16_grsik")]
transform = Transform3D(0.627161, 0, 0.778889, 0, 1, 0, -0.778889, 0, 0.627161, 177.955, 139.495, 187.77)

[node name="BarrierBlockConcrete_02_128_62" parent="Static" instance=ExtResource("16_grsik")]
transform = Transform3D(0.627161, 0, 0.778889, 0, 1, 0, -0.778889, 0, 0.627161, 177.955, 140.126, 187.77)

[node name="BarrierBlockConcrete_02_128_64" parent="Static" instance=ExtResource("16_grsik")]
transform = Transform3D(0.627161, 0, 0.778889, 0, 1, 0, -0.778889, 0, 0.627161, 178.727, 140.682, 186.741)

[node name="BarrierBlockConcrete_02_128_65" parent="Static" instance=ExtResource("16_grsik")]
transform = Transform3D(0.627161, 0, 0.778889, 0, 1, 0, -0.778889, 0, 0.627161, 177.955, 140.71, 187.77)

[node name="BarrierStoneBlock_01_D" parent="Static" instance=ExtResource("17_it2dg")]
transform = Transform3D(0.875717, 0, -0.482824, 0, 1, 0, 0.482824, 0, 0.875717, 98.366, 135.346, 60.7524)

[node name="BarrierStoneBlock_01_D5" parent="Static" instance=ExtResource("17_it2dg")]
transform = Transform3D(0.875717, 0, -0.482824, 0, 1, 0, 0.482824, 0, 0.875717, 103.036, 136.575, 65.3276)

[node name="BarrierStoneBlock_01_D2" parent="Static" instance=ExtResource("17_it2dg")]
transform = Transform3D(0.620365, 0.626135, -0.472337, -0.726978, 0.685074, -0.0466667, 0.294366, 0.372329, 0.880182, 182.758, 138.432, 90.4097)

[node name="BarrierStoneBlock_01_D3" parent="Static" instance=ExtResource("17_it2dg")]
transform = Transform3D(0.865038, 0, -0.501707, 0, 1, 0, 0.501707, 0, 0.865038, 181.898, 136.323, 93.9931)

[node name="BarrierStoneBlock_01_D4" parent="Static" instance=ExtResource("17_it2dg")]
transform = Transform3D(0.865038, 0, -0.501707, 0, 1, 0, 0.501707, 0, 0.865038, 181.898, 137.545, 93.9429)

[node name="DeployCam" parent="." instance=ExtResource("18_bgwtd")]
transform = Transform3D(1, 0, 0, 0, 0, 1, 0, -1, 0, 128.645, 232.894, 125.419)

[node name="CapturePointA" parent="." node_paths=PackedStringArray("CaptureArea", "InfantrySpawnPoints_Team1", "InfantrySpawnPoints_Team2") instance=ExtResource("19_1cbdc")]
transform = Transform3D(1, 0, 0, 0, 1, 0, 0, 0, 1, -23.9646, 134.977, 96.2137)
InitialOwner = 1
ObjId = 201
CaptureArea = NodePath("CaptureArea")
InfantrySpawnPoints_Team1 = [NodePath("Spawns/Team1/SpawnPoint"), NodePath("Spawns/Team1/SpawnPoint2"), NodePath("Spawns/Team1/SpawnPoint3"), NodePath("Spawns/Team1/SpawnPoint4"), NodePath("Spawns/Team1/SpawnPoint5")]
InfantrySpawnPoints_Team2 = [NodePath("Spawns/Team2/SpawnPoint"), NodePath("Spawns/Team2/SpawnPoint2"), NodePath("Spawns/Team2/SpawnPoint3"), NodePath("Spawns/Team2/SpawnPoint4"), NodePath("Spawns/Team2/SpawnPoint5")]

[node name="CaptureArea" parent="CapturePointA" instance=ExtResource("2_tmkln")]
transform = Transform3D(1, 0, 0, 0, 1, 0, 0, 0, 1, -4.65236, 0, -0.0653992)
points = PackedVector2Array(-16.5922, -7.76531, -9.76926, 15.5664, 16.9978, 8.02773, 9.3637, -15.8288)
height = 6.0

[node name="Spawns" type="Node3D" parent="CapturePointA"]

[node name="Team1" type="Node3D" parent="CapturePointA/Spawns"]

[node name="SpawnPoint" parent="CapturePointA/Spawns/Team1" instance=ExtResource("3_hiy7r")]
transform = Transform3D(-0.0835213, 0, 0.996506, 0, 1, 0, -0.996506, 0, -0.0835213, -13.587, -3.20451, -24.864)

[node name="SpawnPoint2" parent="CapturePointA/Spawns/Team1" instance=ExtResource("3_hiy7r")]
transform = Transform3D(0.19497, 0, 0.980809, 0, 1, 0, -0.980809, 0, 0.19497, 5.152, -4.95842, -28.885)

[node name="SpawnPoint3" parent="CapturePointA/Spawns/Team1" instance=ExtResource("3_hiy7r")]
transform = Transform3D(0.33905, 0, -0.940768, 0, 1, 0, 0.940768, 0, 0.33905, 28.193, -6.28636, -20.3128)

[node name="SpawnPoint4" parent="CapturePointA/Spawns/Team1" instance=ExtResource("3_hiy7r")]
transform = Transform3D(0.609647, 0, -0.792673, 0, 1, 0, 0.792673, 0, 0.609647, -27.8066, 0.921478, -6.59549)

[node name="SpawnPoint5" parent="CapturePointA/Spawns/Team1" instance=ExtResource("3_hiy7r")]
transform = Transform3D(-0.990655, 0, 0.13639, 0, 1, 0, -0.13639, 0, -0.990655, -48.927, 1.07654, 7.81991)

[node name="Team2" type="Node3D" parent="CapturePointA/Spawns"]

[node name="SpawnPoint" parent="CapturePointA/Spawns/Team2" instance=ExtResource("3_hiy7r")]
transform = Transform3D(-0.985085, 0, -0.172067, 0, 1, 0, 0.172067, 0, -0.985085, -3.31314, 1.55641, 29.974)

[node name="SpawnPoint2" parent="CapturePointA/Spawns/Team2" instance=ExtResource("3_hiy7r")]
transform = Transform3D(-0.928213, 0, 0.372049, 0, 1, 0, -0.372049, 0, -0.928213, 29.4061, -2.20671, 13.5727)

[node name="SpawnPoint3" parent="CapturePointA/Spawns/Team2" instance=ExtResource("3_hiy7r")]
transform = Transform3D(-0.999634, 0, -0.0270667, 0, 1, 0, 0.0270667, 0, -0.999634, 16.899, 1.04037, 34.6496)

[node name="SpawnPoint4" parent="CapturePointA/Spawns/Team2" instance=ExtResource("3_hiy7r")]
transform = Transform3D(0.887831, 0, -0.460169, 0, 1, 0, 0.460169, 0, 0.887831, 34.3945, -3.28967, -7.11272)

[node name="SpawnPoint5" parent="CapturePointA/Spawns/Team2" instance=ExtResource("3_hiy7r")]
transform = Transform3D(0.826511, 0, -0.56292, 0, 1, 0, 0.56292, 0, 0.826511, 31.2351, -0.234787, 20.4855)

[node name="InteractArea" parent="CapturePointA" instance=ExtResource("4_qonuk")]
transform = Transform3D(0.959506, 0, 0.281688, 0, 1, 0, -0.281688, 0, 0.959506, -13.5982, 0, -7.87266)

[node name="InteractPointChangeTeam" parent="CapturePointA/InteractArea" instance=ExtResource("5_k3p0m")]
transform = Transform3D(1, 0, 0, 0, 1, 0, 0, 0, 1, 3, 1, 0)
ObjId = 2001

[node name="WorldIcon" type="Node3D" parent="CapturePointA/InteractArea/InteractPointChangeTeam"]
script = ExtResource("6_8g5rc")
ObjId = 5001
iconTextVisible = true
iconColor = [0.0, 1.0, 0.0]
iconImagePicker = 6
iconImageVisible = true
iconTeamOwnerId = 1

[node name="InteractPointReady" parent="CapturePointA/InteractArea" instance=ExtResource("5_k3p0m")]
transform = Transform3D(-4.37114e-08, 0, 1, 0, 1, 0, -1, 0, -4.37114e-08, -3, 1, 0)
ObjId = 2002

[node name="WorldIcon" type="Node3D" parent="CapturePointA/InteractArea/InteractPointReady"]
script = ExtResource("6_8g5rc")
ObjId = 5002
iconTextVisible = true
iconColor = [0.0, 0.5, 1.0]
iconImagePicker = 7
iconImageVisible = true
iconTeamOwnerId = 1

[node name="InteractPointSpectate" parent="CapturePointA/InteractArea" instance=ExtResource("5_k3p0m")]
transform = Transform3D(0.971147, 0, 0.238483, 0, 1, 0, -0.238483, 0, 0.971147, -25.6777, 1.94797, 3.59914)
ObjId = 6001

[node name="WorldIcon" parent="CapturePointA/InteractArea" instance=ExtResource("7_ktpht")]
transform = Transform3D(1, 0, 0, 0, 1, 0, 0, 0, 1, 0, 2, 0)
ObjId = 5011
iconTextVisible = true
iconColor = [0.0, 0.0, 1.0]
iconImagePicker = 7
iconTeamOwnerId = 1

[node name="MBTSpawner" parent="CapturePointA" instance=ExtResource("8_ynso5")]
transform = Transform3D(0.970279, 0, 0.24199, 0, 1, 0, -0.24199, 0, 0.970279, -15.6022, 0, -4.81903)
ObjId = 701
P_DefaultRespawnTime = 120

[node name="TransportSpawner" parent="CapturePointA" instance=ExtResource("8_ynso5")]
transform = Transform3D(0.970279, 0, 0.24199, 0, 1, 0, -0.24199, 0, 0.970279, 120.662, -13.6327, -98.1797)
ObjId = 703
VehicleType = 12
P_DefaultRespawnTime = 30
P_KeepAliveAbandonRadius = 10

[node name="CapturePointB" parent="." node_paths=PackedStringArray("CaptureArea", "InfantrySpawnPoints_Team1", "InfantrySpawnPoints_Team2") instance=ExtResource("19_1cbdc")]
transform = Transform3D(1, 0, 0, 0, 1, 0, 0, 0, 1, 91.511, 133.832, 57.8978)
ObjId = 202
CaptureArea = NodePath("CaptureArea")
InfantrySpawnPoints_Team1 = [NodePath("Spawns/Team1/SpawnPoint"), NodePath("Spawns/Team1/SpawnPoint2"), NodePath("Spawns/Team1/SpawnPoint3"), NodePath("Spawns/Team1/SpawnPoint4"), NodePath("Spawns/Team1/SpawnPoint5")]
InfantrySpawnPoints_Team2 = [NodePath("Spawns/Team2/SpawnPoint"), NodePath("Spawns/Team2/SpawnPoint2"), NodePath("Spawns/Team2/SpawnPoint3"), NodePath("Spawns/Team2/SpawnPoint4"), NodePath("Spawns/Team2/SpawnPoint5")]

[node name="CaptureArea" parent="CapturePointB" instance=ExtResource("2_tmkln")]
transform = Transform3D(1, 0, 0, 0, 1, 0, 0, 0, 1, 0.0475006, 0.883392, -0.0160103)
points = PackedVector2Array(-14.0639, 1.41108, 5.39484, 8.30619, 12.6651, 12.0712, 20.974, -2.66414, -5.47355, -10.5745, -7.47796, -3.70222, -12.0186, -4.84759)
height = 3.0

[node name="Spawns" type="Node3D" parent="CapturePointB"]
transform = Transform3D(1, 0, 0, 0, 1, 0, 0, 0, 1, 12.3128, 0.883392, 7.52676)

[node name="Team1" type="Node3D" parent="CapturePointB/Spawns"]

[node name="SpawnPoint" parent="CapturePointB/Spawns/Team1" instance=ExtResource("3_hiy7r")]
transform = Transform3D(0.985342, 0, 0.170588, 0, 1, 0, -0.170588, 0, 0.985342, -3.60867, -5.43544, -25.6791)

[node name="SpawnPoint2" parent="CapturePointB/Spawns/Team1" instance=ExtResource("3_hiy7r")]
transform = Transform3D(0.944147, 0, 0.329526, 0, 1, 0, -0.329526, 0, 0.944147, 13.8539, -6.23016, -21.0642)

[node name="SpawnPoint3" parent="CapturePointB/Spawns/Team1" instance=ExtResource("3_hiy7r")]
transform = Transform3D(-0.976466, 0, -0.215673, 0, 1, 0, 0.215673, 0, -0.976466, -29.2536, -2.72301, -13.8931)

[node name="SpawnPoint4" parent="CapturePointB/Spawns/Team1" instance=ExtResource("3_hiy7r")]
transform = Transform3D(0.826737, 0, -0.562588, 0, 1, 0, 0.562588, 0, 0.826737, -17.2747, -4.6908, -25.6613)

[node name="SpawnPoint5" parent="CapturePointB/Spawns/Team1" instance=ExtResource("3_hiy7r")]
transform = Transform3D(-0.0250258, 0, 0.999687, 0, 1, 0, -0.999687, 0, -0.0250258, -21.6805, -2.74356, -7.89919)

[node name="Team2" type="Node3D" parent="CapturePointB/Spawns"]

[node name="SpawnPoint" parent="CapturePointB/Spawns/Team2" instance=ExtResource("3_hiy7r")]
transform = Transform3D(0.265792, 0, 0.964031, 0, 1, 0, -0.964031, 0, 0.265792, -9.37396, 2.20331, 28.6728)

[node name="SpawnPoint2" parent="CapturePointB/Spawns/Team2" instance=ExtResource("3_hiy7r")]
transform = Transform3D(0.00403172, 0, 0.999992, 0, 1, 0, -0.999992, 0, 0.00403172, -28.4708, 1.13866, 21.4307)

[node name="SpawnPoint3" parent="CapturePointB/Spawns/Team2" instance=ExtResource("3_hiy7r")]
transform = Transform3D(-0.999797, 0, -0.0201568, 0, 1, 0, 0.0201568, 0, -0.999797, 43.2958, -6.32916, -5.30934)

[node name="SpawnPoint4" parent="CapturePointB/Spawns/Team2" instance=ExtResource("3_hiy7r")]
transform = Transform3D(-0.890554, 0, 0.454877, 0, 1, 0, -0.454877, 0, -0.890554, 7.80263, 0.582489, 35.3018)

[node name="SpawnPoint5" parent="CapturePointB/Spawns/Team2" instance=ExtResource("3_hiy7r")]
transform = Transform3D(-0.225632, 0, -0.974213, 0, 1, 0, 0.974213, 0, -0.225632, 29.496, -4.02745, 11.6265)

[node name="CapturePointC" parent="." node_paths=PackedStringArray("CaptureArea", "InfantrySpawnPoints_Team1", "InfantrySpawnPoints_Team2") instance=ExtResource("19_1cbdc")]
transform = Transform3D(1, 0, 0, 0, 1, 0, 0, 0, 1, 43.5815, 160.091, 213.955)
ObjId = 203
CaptureArea = NodePath("CaptureArea")
InfantrySpawnPoints_Team1 = [NodePath("Spawns/Team1/SpawnPoint"), NodePath("Spawns/Team1/SpawnPoint2"), NodePath("Spawns/Team1/SpawnPoint3"), NodePath("Spawns/Team1/SpawnPoint4"), NodePath("Spawns/Team1/SpawnPoint5")]
InfantrySpawnPoints_Team2 = [NodePath("Spawns/Team2/SpawnPoint"), NodePath("Spawns/Team2/SpawnPoint2"), NodePath("Spawns/Team2/SpawnPoint3"), NodePath("Spawns/Team2/SpawnPoint4"), NodePath("Spawns/Team2/SpawnPoint5")]

[node name="CaptureArea" parent="CapturePointC" instance=ExtResource("2_tmkln")]
transform = Transform3D(1, 0, 0, 0, 1, 0, 0, 0, 1, -0.676292, -4.80899, -1.67116)
points = PackedVector2Array(-7.1114, -8.56206, -16.4975, 0.26658, 9.05436, 21.6954, 13.7483, -4.1066, 0.806248, -9.29331)
height = 10.0

[node name="Spawns" type="Node3D" parent="CapturePointC"]
transform = Transform3D(1, 0, 0, 0, 1, 0, 0, 0, 1, -1.17, -0.208908, 3.82628)

[node name="Team1" type="Node3D" parent="CapturePointC/Spawns"]

[node name="SpawnPoint" parent="CapturePointC/Spawns/Team1" instance=ExtResource("3_hiy7r")]
transform = Transform3D(0.904901, 0, 0.425621, 0, 1, 0, -0.425621, 0, 0.904901, -48.221, 2.89032, -15.761)

[node name="SpawnPoint2" parent="CapturePointC/Spawns/Team1" instance=ExtResource("3_hiy7r")]
transform = Transform3D(-0.971731, 0, 0.236092, 0, 1, 0, -0.236092, 0, -0.971731, -46.4086, 5.18184, 1.28229)

[node name="SpawnPoint3" parent="CapturePointC/Spawns/Team1" instance=ExtResource("3_hiy7r")]
transform = Transform3D(0.73152, 0, 0.68182, 0, 1, 0, -0.68182, 0, 0.73152, -38.8456, 4.18057, 15.6703)

[node name="SpawnPoint4" parent="CapturePointC/Spawns/Team1" instance=ExtResource("3_hiy7r")]
transform = Transform3D(-0.408745, 0, -0.912649, 0, 1, 0, 0.912649, 0, -0.408745, 10.4812, -0.794678, -32.9666)

[node name="SpawnPoint5" parent="CapturePointC/Spawns/Team1" instance=ExtResource("3_hiy7r")]
transform = Transform3D(0.644684, 0, -0.764449, 0, 1, 0, 0.764449, 0, 0.644684, 2.42703, -0.822952, -34.7823)

[node name="Team2" type="Node3D" parent="CapturePointC/Spawns"]

[node name="SpawnPoint" parent="CapturePointC/Spawns/Team2" instance=ExtResource("3_hiy7r")]
transform = Transform3D(-0.970506, 0, 0.241075, 0, 1, 0, -0.241075, 0, -0.970506, 25.7533, -0.819138, 13.9157)

[node name="SpawnPoint2" parent="CapturePointC/Spawns/Team2" instance=ExtResource("3_hiy7r")]
transform = Transform3D(-0.892444, 0, -0.451158, 0, 1, 0, 0.451158, 0, -0.892444, -7.31322, 3.06776, 38.0856)

[node name="SpawnPoint3" parent="CapturePointC/Spawns/Team2" instance=ExtResource("3_hiy7r")]
transform = Transform3D(0.897436, 0, -0.441146, 0, 1, 0, 0.441146, 0, 0.897436, 24.5109, -0.792267, -16.7006)

[node name="SpawnPoint4" parent="CapturePointC/Spawns/Team2" instance=ExtResource("3_hiy7r")]
transform = Transform3D(1, 0, 0, 0, 1, 0, 0, 0, 1, 16.7602, -0.82074, -26.9691)

[node name="SpawnPoint5" parent="CapturePointC/Spawns/Team2" instance=ExtResource("3_hiy7r")]
transform = Transform3D(-0.535237, 0, -0.844702, 0, 1, 0, 0.844702, 0, -0.535237, 26.9181, -0.793777, 21.1819)

[node name="CapturePointD" parent="." node_paths=PackedStringArray("CaptureArea", "InfantrySpawnPoints_Team1", "InfantrySpawnPoints_Team2") instance=ExtResource("19_1cbdc")]
transform = Transform3D(1, 0, 0, 0, 1, 0, 0, 0, 1, 178.813, 139.123, 188.155)
InitialOwner = 2
ObjId = 204
CaptureArea = NodePath("CaptureArea")
InfantrySpawnPoints_Team1 = [NodePath("Spawns/Team1/SpawnPoint"), NodePath("Spawns/Team1/SpawnPoint2"), NodePath("Spawns/Team1/SpawnPoint3"), NodePath("Spawns/Team1/SpawnPoint4"), NodePath("Spawns/Team1/SpawnPoint5")]
InfantrySpawnPoints_Team2 = [NodePath("Spawns/Team2/SpawnPoint"), NodePath("Spawns/Team2/SpawnPoint2"), NodePath("Spawns/Team2/SpawnPoint3"), NodePath("Spawns/Team2/SpawnPoint4"), NodePath("Spawns/Team2/SpawnPoint5")]

[node name="CaptureArea" parent="CapturePointD" instance=ExtResource("2_tmkln")]
transform = Transform3D(1, 0, 0, 0, 1, 0, 0, 0, 1, 1.18509, 0, 0.500977)
points = PackedVector2Array(-0.99004, -12.3457, -12.5843, 1.96816, 1.44331, 12.4173, 12.131, -2.03973)
height = 6.0

[node name="Spawns" type="Node3D" parent="CapturePointD"]

[node name="Team1" type="Node3D" parent="CapturePointD/Spawns"]

[node name="SpawnPoint" parent="CapturePointD/Spawns/Team1" instance=ExtResource("3_hiy7r")]
transform = Transform3D(0.904901, 0, 0.425621, 0, 1, 0, -0.425621, 0, 0.904901, -48.221, 2.89032, -15.761)

[node name="SpawnPoint2" parent="CapturePointD/Spawns/Team1" instance=ExtResource("3_hiy7r")]
transform = Transform3D(-0.971731, 0, 0.236092, 0, 1, 0, -0.236092, 0, -0.971731, -46.4086, 5.18184, 1.28229)

[node name="SpawnPoint3" parent="CapturePointD/Spawns/Team1" instance=ExtResource("3_hiy7r")]
transform = Transform3D(0.73152, 0, 0.68182, 0, 1, 0, -0.68182, 0, 0.73152, -38.8456, 4.18057, 15.6703)

[node name="SpawnPoint4" parent="CapturePointD/Spawns/Team1" instance=ExtResource("3_hiy7r")]
transform = Transform3D(-0.408745, 0, -0.912649, 0, 1, 0, 0.912649, 0, -0.408745, 10.4812, -0.794678, -32.9666)

[node name="SpawnPoint5" parent="CapturePointD/Spawns/Team1" instance=ExtResource("3_hiy7r")]
transform = Transform3D(0.644684, 0, -0.764449, 0, 1, 0, 0.764449, 0, 0.644684, 2.42703, -0.822952, -34.7823)

[node name="Team2" type="Node3D" parent="CapturePointD/Spawns"]

[node name="SpawnPoint" parent="CapturePointD/Spawns/Team2" instance=ExtResource("3_hiy7r")]
transform = Transform3D(-0.970506, 0, 0.241075, 0, 1, 0, -0.241075, 0, -0.970506, 25.7533, -0.819138, 13.9157)

[node name="SpawnPoint2" parent="CapturePointD/Spawns/Team2" instance=ExtResource("3_hiy7r")]
transform = Transform3D(-0.892444, 0, -0.451158, 0, 1, 0, 0.451158, 0, -0.892444, -7.31322, 3.06776, 38.0856)

[node name="SpawnPoint3" parent="CapturePointD/Spawns/Team2" instance=ExtResource("3_hiy7r")]
transform = Transform3D(0.897436, 0, -0.441146, 0, 1, 0, 0.441146, 0, 0.897436, 24.5109, -0.792267, -16.7006)

[node name="SpawnPoint4" parent="CapturePointD/Spawns/Team2" instance=ExtResource("3_hiy7r")]
transform = Transform3D(1, 0, 0, 0, 1, 0, 0, 0, 1, 16.7602, -0.82074, -26.9691)

[node name="SpawnPoint5" parent="CapturePointD/Spawns/Team2" instance=ExtResource("3_hiy7r")]
transform = Transform3D(-0.535237, 0, -0.844702, 0, 1, 0, 0.844702, 0, -0.535237, 26.9181, -0.793777, 21.1819)

[node name="InteractArea2" parent="CapturePointD" instance=ExtResource("4_qonuk")]
transform = Transform3D(0.620204, 0, 0.784441, 0, 1, 0, -0.784441, 0, 0.620204, 21.0748, -0.693573, -3.39114)

[node name="InteractPointChangeTeam" parent="CapturePointD/InteractArea2" instance=ExtResource("5_k3p0m")]
transform = Transform3D(1, 0, 0, 0, 1, 0, 0, 0, 1, -3, 1, 0)
ObjId = 2003

[node name="WorldIcon" type="Node3D" parent="CapturePointD/InteractArea2/InteractPointChangeTeam"]
script = ExtResource("6_8g5rc")
ObjId = 5003
iconTextVisible = true
iconColor = [0.0, 1.0, 0.0]
iconImagePicker = 6
iconImageVisible = true
iconTeamOwnerId = 2

[node name="InteractPointReady" parent="CapturePointD/InteractArea2" instance=ExtResource("5_k3p0m")]
transform = Transform3D(-4.37114e-08, 0, 1, 0, 1, 0, -1, 0, -4.37114e-08, 3, 1, 0)
ObjId = 2004

[node name="WorldIcon" type="Node3D" parent="CapturePointD/InteractArea2/InteractPointReady"]
script = ExtResource("6_8g5rc")
ObjId = 5004
iconTextVisible = true
iconColor = [0.0, 0.5, 1.0]
iconImagePicker = 7
iconImageVisible = true
iconTeamOwnerId = 2

[node name="WorldIcon" parent="CapturePointD/InteractArea2" instance=ExtResource("7_ktpht")]
transform = Transform3D(1, 0, 0, 0, 1, 0, 0, 0, 1, 0, 2, 0)
ObjId = 5012
iconTextVisible = true
iconColor = [0.0, 0.0, 1.0]
iconImagePicker = 7
iconTeamOwnerId = 2

[node name="MBTSpawner2" parent="CapturePointD" instance=ExtResource("8_ynso5")]
transform = Transform3D(-0.707107, 0, 0.707107, 0, 1, 0, -0.707107, 0, -0.707107, 15.7504, -0.741302, 10.8405)
ObjId = 702
VehicleType = 1
P_DefaultRespawnTime = 120

[node name="TransportSpawner2" parent="CapturePointD" instance=ExtResource("8_ynso5")]
transform = Transform3D(-0.707106, 0, -0.707106, 0, 1, 0, 0.707106, 0, -0.707106, 17.3435, -0.256943, -9.83246)
ObjId = 704
VehicleType = 8
P_DefaultRespawnTime = 30

[node name="Sector" parent="." node_paths=PackedStringArray("SectorArea", "CapturePoints") instance=ExtResource("20_q24fl")]
SectorArea = NodePath("../CombatArea/CombatVolume")
CapturePoints = [NodePath("../CapturePointA"), NodePath("../CapturePointB"), NodePath("../CapturePointC")]

[node name="Sector - Detects Team1 HQ Area" parent="." node_paths=PackedStringArray("SectorArea") instance=ExtResource("20_q24fl")]
transform = Transform3D(1, 0, 0, 0, 1, 0, 0, 0, 1, -287.32, 67.3944, 103.71)
ObjId = 3001
SectorArea = NodePath("")

[node name="Sector - Detects Team2 HQ Area" parent="." node_paths=PackedStringArray("SectorArea") instance=ExtResource("20_q24fl")]
transform = Transform3D(1, 0, 0, 0, 1, 0, 0, 0, 1, -287.318, 67.3944, 103.71)
ObjId = 3002
SectorArea = NodePath("")

[node name="BarrierStoneBlock_01_E" parent="." instance=ExtResource("21_4xw1o")]
transform = Transform3D(0.126147, 0, 0.992012, 0, 1, 0, -0.992012, 0, 0.126147, 101.046, 121.265, 2.04753)

[node name="BarrierStoneBlock_01_G" parent="." instance=ExtResource("22_mbjvo")]
transform = Transform3D(-0.0156201, 0, -0.999878, 0, 1, 0, 0.999878, 0, -0.0156201, 87.6005, 124.802, 16.0799)

[node name="BarrierStoneBlock_01_G3" parent="." instance=ExtResource("22_mbjvo")]
transform = Transform3D(-0.0156201, 0, -0.999878, 0, 1, 0, 0.999878, 0, -0.0156201, 92.9883, 124.192, 16.0799)

[node name="BarrierStoneBlock_01_A" parent="." instance=ExtResource("15_nojsv")]
transform = Transform3D(0.869685, 0, -0.493608, 0, 1, 0, 0.493608, 0, 0.869685, 104.235, 138.019, 62.919)

[node name="BarrierStoneBlock_01_G2" parent="." instance=ExtResource("22_mbjvo")]
transform = Transform3D(-0.0156201, 0, -0.999878, 0, 1, 0, 0.999878, 0, -0.0156201, 81.2909, 124.917, 15.8053)

[node name="BarrierStoneBlock_01_G4" parent="." instance=ExtResource("22_mbjvo")]
transform = Transform3D(-0.0156201, 0, -0.999878, 0, 1, 0, 0.999878, 0, -0.0156201, 75.9823, 124.154, 15.8053)

[node name="RestrictedAreas" type="Node3D" parent="."]

[node name="AreaTrigger" parent="RestrictedAreas" node_paths=PackedStringArray("Area") instance=ExtResource("9_8tati")]
transform = Transform3D(1, 0, 0, 0, 1, 0, 0, 0, 1, 127.922, 0, 90.5496)
ObjId = 20001
Area = NodePath("../PolygonVolume")

[node name="PolygonVolume" parent="RestrictedAreas" instance=ExtResource("2_tmkln")]
transform = Transform3D(1, 0, 0, 0, 1, 0, 0, 0, 1, 103.893, 135.54, 62.7018)
points = PackedVector2Array(-0.970383, -8.82327, -8.15839, 3.89949, 1.04227, 8.85921, 8.0865, -3.93543)
height = 8.0

[node name="AreaTrigger2" parent="RestrictedAreas" node_paths=PackedStringArray("Area") instance=ExtResource("9_8tati")]
transform = Transform3D(1, 0, 0, 0, 1, 0, 0, 0, 1, 127.922, 0, 90.5496)
ObjId = 20002
Area = NodePath("../PolygonVolume2")

[node name="PolygonVolume2" parent="RestrictedAreas" instance=ExtResource("2_tmkln")]
transform = Transform3D(1, 0, 0, 0, 1, 0, 0, 0, 1, 131.634, 132.896, 56.9628)
points = PackedVector2Array(-1.1777, -9.048, -8.33458, 3.72565, 1.22301, 9.07064, 8.28928, -3.74829)
height = 6.0

[node name="AreaTrigger3" parent="RestrictedAreas" node_paths=PackedStringArray("Area") instance=ExtResource("9_8tati")]
transform = Transform3D(1, 0, 0, 0, 1, 0, 0, 0, 1, 127.922, 0, 90.5496)
ObjId = 20003
Area = NodePath("../PolygonVolume3")

[node name="PolygonVolume3" parent="RestrictedAreas" instance=ExtResource("2_tmkln")]
transform = Transform3D(1, 0, 0, 0, 1, 0, 0, 0, 1, 118.343, 136.955, 98.0714)
points = PackedVector2Array(-3.60592, -8.01756, -8.73082, 1.01705, 3.57951, 7.93831, 8.75723, -0.937803)
height = 6.0

[node name="AreaTrigger4" parent="RestrictedAreas" node_paths=PackedStringArray("Area") instance=ExtResource("9_8tati")]
transform = Transform3D(1, 0, 0, 0, 1, 0, 0, 0, 1, 127.922, 0, 90.5496)
ObjId = 20004
Area = NodePath("../PolygonVolume4")

[node name="PolygonVolume4" parent="RestrictedAreas" instance=ExtResource("2_tmkln")]
transform = Transform3D(1, 0, 0, 0, 1, 0, 0, 0, 1, 124.862, 137.351, 71.462)
points = PackedVector2Array(-4.62298, -8.5591, -9.8007, 9.53674e-07, 4.62297, 8.45343, 9.80071, 0.105668)
height = 6.0

[node name="AreaTrigger6" parent="RestrictedAreas" node_paths=PackedStringArray("Area") instance=ExtResource("9_8tati")]
transform = Transform3D(1, 0, 0, 0, 1, 0, 0, 0, 1, 127.922, 0, 90.5496)
ObjId = 20006
Area = NodePath("../PolygonVolume6")

[node name="PolygonVolume6" parent="RestrictedAreas" instance=ExtResource("2_tmkln")]
transform = Transform3D(1, 0, 0, 0, 1, 0, 0, 0, 1, 97.5962, 145.031, 107.351)
points = PackedVector2Array(-1.23883, -10.713, -10.0931, 3.07325, 1.07445, 10.6457, 10.2575, -3.00593)
height = 6.0

[node name="AreaTrigger7" parent="RestrictedAreas" node_paths=PackedStringArray("Area") instance=ExtResource("9_8tati")]
transform = Transform3D(1, 0, 0, 0, 1, 0, 0, 0, 1, 127.922, 0, 90.5496)
ObjId = 20007
Area = NodePath("../PolygonVolume7")

[node name="PolygonVolume7" parent="RestrictedAreas" instance=ExtResource("2_tmkln")]
transform = Transform3D(1, 0, 0, 0, 1, 0, 0, 0, 1, 79.928, 137.049, 77.9084)
points = PackedVector2Array(-5.10349, -7.79899, -8.76937, 2.91114, 5.03161, 7.65524, 8.84126, -2.76739)
height = 8.0

[node name="AreaTrigger8" parent="RestrictedAreas" node_paths=PackedStringArray("Area") instance=ExtResource("9_8tati")]
transform = Transform3D(1, 0, 0, 0, 1, 0, 0, 0, 1, 127.922, 0, 90.5496)
ObjId = 20008
Area = NodePath("../PolygonVolume8")

[node name="PolygonVolume8" parent="RestrictedAreas" instance=ExtResource("2_tmkln")]
transform = Transform3D(1, 0, 0, 0, 1, 0, 0, 0, 1, 59.5427, 140.969, 83.9571)
points = PackedVector2Array(-1.91834, -8.95136, -8.14655, 4.27555, 1.83908, 9.08345, 8.2258, -4.40763)
height = 6.0

[node name="AreaTrigger9" parent="RestrictedAreas" node_paths=PackedStringArray("Area") instance=ExtResource("9_8tati")]
transform = Transform3D(1, 0, 0, 0, 1, 0, 0, 0, 1, 127.922, 0, 90.5496)
ObjId = 20009
Area = NodePath("../PolygonVolume9")

[node name="PolygonVolume9" parent="RestrictedAreas" instance=ExtResource("2_tmkln")]
transform = Transform3D(1, 0, 0, 0, 1, 0, 0, 0, 1, 131.401, 136.89, 104.52)
points = PackedVector2Array(-1.63068, -8.68563, -7.83632, 4.26921, 1.63067, 8.5271, 7.83633, -4.11068)
height = 6.0

[node name="AreaTrigger10" parent="RestrictedAreas" node_paths=PackedStringArray("Area") instance=ExtResource("9_8tati")]
transform = Transform3D(1, 0, 0, 0, 1, 0, 0, 0, 1, 127.922, 0, 90.5496)
ObjId = 20010
Area = NodePath("../PolygonVolume10")

[node name="PolygonVolume10" parent="RestrictedAreas" instance=ExtResource("2_tmkln")]
transform = Transform3D(1, 0, 0, 0, 1, 0, 0, 0, 1, 176.649, 137.142, 93.1982)
points = PackedVector2Array(-0.893578, -8.96653, -8.10377, 3.85161, 0.955193, 8.96653, 8.04215, -3.8516)
height = 6.0

[node name="AreaTrigger11" parent="RestrictedAreas" node_paths=PackedStringArray("Area") instance=ExtResource("9_8tati")]
transform = Transform3D(1, 0, 0, 0, 1, 0, 0, 0, 1, 127.922, 0, 90.5496)
ObjId = 20011
Area = NodePath("../PolygonVolume11")

[node name="PolygonVolume11" parent="RestrictedAreas" instance=ExtResource("2_tmkln")]
transform = Transform3D(1, 0, 0, 0, 1, 0, 0, 0, 1, 195.421, 134.711, 94.7913)
points = PackedVector2Array(-1.24271, -8.99021, -8.85429, -1.61164, 1.12621, 9.02905, 8.97079, 1.5728)
height = 6.0

[node name="AreaTrigger12" parent="RestrictedAreas" node_paths=PackedStringArray("Area") instance=ExtResource("9_8tati")]
transform = Transform3D(1, 0, 0, 0, 1, 0, 0, 0, 1, 127.922, 0, 90.5496)
ObjId = 20012
Area = NodePath("../PolygonVolume12")

[node name="PolygonVolume12" parent="RestrictedAreas" instance=ExtResource("2_tmkln")]
transform = Transform3D(1, 0, 0, 0, 1, 0, 0, 0, 1, 84.6524, 144.071, 121.569)
points = PackedVector2Array(-1.768, -9.15371, -8.6119, 4.07781, 1.99613, 9.43888, 8.38377, -4.36298)
height = 6.0

[node name="AreaTrigger13" parent="RestrictedAreas" node_paths=PackedStringArray("Area") instance=ExtResource("9_8tati")]
transform = Transform3D(1, 0, 0, 0, 1, 0, 0, 0, 1, 127.922, 0, 90.5496)
ObjId = 20013
Area = NodePath("../PolygonVolume13")

[node name="PolygonVolume13" parent="RestrictedAreas" instance=ExtResource("2_tmkln")]
transform = Transform3D(1, 0, 0, 0, 1, 0, 0, 0, 1, 115.953, 143.952, 121.836)
points = PackedVector2Array(-6.82413, -12.523, -13.3154, 10.73, -0.933029, 19.5021, 14.0101, 2.00857, 5.85966, -9.20037)
height = 15.0

[node name="AreaTrigger14" parent="RestrictedAreas" node_paths=PackedStringArray("Area") instance=ExtResource("9_8tati")]
transform = Transform3D(1, 0, 0, 0, 1, 0, 0, 0, 1, 152.266, 0, 99.0506)
ObjId = 20014
Area = NodePath("../PolygonVolume14")

[node name="PolygonVolume14" parent="RestrictedAreas" instance=ExtResource("2_tmkln")]
transform = Transform3D(1, 0, 0, 0, 1, 0, 0, 0, 1, 146.088, 141.381, 131.982)
points = PackedVector2Array(-12.5787, 1.7403, -17.5446, 10.6506, -12.6997, 18.2882, -4.24258, 16.3743, 9.46553, 3.37283, 11.3477, -4.21703, 4.0388, -11.0954, -3.66643, -9.49913)
height = 13.0

[node name="BarrierStoneBlock_01_G5" parent="." instance=ExtResource("22_mbjvo")]
transform = Transform3D(0.213457, 0, -0.976953, 0, 1, 0, 0.976953, 0, 0.213457, 86.3168, 123.561, 16.6657)

[node name="BarrierStoneBlock_01_E2" parent="." instance=ExtResource("21_4xw1o")]
transform = Transform3D(0.551719, 0, 0.83403, 0, 1, 0, -0.83403, 0, 0.551719, 172.744, 134.211, 99.007)

[node name="BarrierStoneBlock_01_E3" parent="." instance=ExtResource("21_4xw1o")]
transform = Transform3D(0.485161, 0, 0.874425, 0, 1, 0, -0.874425, 0, 0.485161, 100.303, 132.483, 68.7826)
