[gd_scene load_steps=10 format=3 uid="uid://00xka1664pef"]

[ext_resource type="PackedScene" path="res://objects/Gameplay/Common/HQ_PlayerSpawner.tscn" id="1_bbmed"]
[ext_resource type="PackedScene" uid="uid://jv31so3xcr7p" path="res://addons/bf_portal/portal_tools/types/PolygonVolume/PolygonVolume.tscn" id="2_dgb3x"]
[ext_resource type="PackedScene" path="res://objects/entities/SpawnPoint.tscn" id="3_roggi"]
[ext_resource type="PackedScene" path="res://objects/Gameplay/Common/CombatArea.tscn" id="4_medn7"]
[ext_resource type="PackedScene" path="res://static/MP_Capstone_Terrain.tscn" id="5_5c5ya"]
[ext_resource type="PackedScene" path="res://static/MP_Capstone_Assets.tscn" id="6_pbfgd"]
[ext_resource type="PackedScene" path="res://objects/Gameplay/Common/DeployCam.tscn" id="7_1mdp5"]
[ext_resource type="PackedScene" path="res://objects/Gameplay/Conquest/CapturePoint.tscn" id="8_dgb3x"]
[ext_resource type="PackedScene" path="res://objects/Global/Props/BarrierStoneBlock_01_D.tscn" id="9_roggi"]

[node name="MP_Capstone" type="Node3D"]

[node name="TEAM_1_HQ" parent="." node_paths=PackedStringArray("HQArea", "InfantrySpawns") instance=ExtResource("1_bbmed")]
transform = Transform3D(1, 0, 0, 0, 1, 0, 0, 0, 1, 87.0752, 133.438, 8.03396)
AltTeam = 0
ObjId = 1
HQArea = NodePath("HQ_Team1")
InfantrySpawns = [NodePath("SpawnPoint_1_1"), NodePath("SpawnPoint_1_2"), NodePath("SpawnPoint_1_3"), NodePath("SpawnPoint_1_4")]

[node name="HQ_Team1" parent="TEAM_1_HQ" instance=ExtResource("2_dgb3x")]
transform = Transform3D(1, 0, 0, 0, 1, 0, 0, 0, 1, 0, 5, 0)
points = PackedVector2Array(5, 5, 5, -5, -5, -5, -5, 5)

[node name="SpawnPoint_1_1" parent="TEAM_1_HQ" instance=ExtResource("3_roggi")]
transform = Transform3D(0.999884, 0, -0.0152535, 0, 1, 0, 0.0152535, 0, 0.999884, 0, 0, -3)

[node name="SpawnPoint_1_2" parent="TEAM_1_HQ" instance=ExtResource("3_roggi")]
transform = Transform3D(-0.9995, 0, -0.0316198, 0, 1, 0, 0.0316198, 0, -0.9995, 3, 0, 0)

[node name="SpawnPoint_1_3" parent="TEAM_1_HQ" instance=ExtResource("3_roggi")]
transform = Transform3D(-0.0428871, 0, 0.99908, 0, 1, 0, -0.99908, 0, -0.0428871, -3, 0, 0)

[node name="SpawnPoint_1_4" parent="TEAM_1_HQ" instance=ExtResource("3_roggi")]
transform = Transform3D(0.0841819, 0, -0.99645, 0, 1, 0, 0.99645, 0, 0.0841819, 0, 0, 3)

[node name="TEAM_2_HQ" parent="." node_paths=PackedStringArray("HQArea", "InfantrySpawns") instance=ExtResource("1_bbmed")]
transform = Transform3D(1, 0, 0, 0, 1, 0, 0, 0, 1, 198.837, 138.168, 232.846)
Team = 2
AltTeam = 0
ObjId = 2
HQArea = NodePath("HQ_Team2")
InfantrySpawns = [NodePath("SpawnPoint_2_1"), NodePath("SpawnPoint_2_2"), NodePath("SpawnPoint_2_3"), NodePath("SpawnPoint_2_4")]

[node name="HQ_Team2" parent="TEAM_2_HQ" instance=ExtResource("2_dgb3x")]
transform = Transform3D(1, 0, 0, 0, 1, 0, 0, 0, 1, 0, 5, 0)
points = PackedVector2Array(5, 5, 5, -5, -5, -5, -5, 5)

[node name="SpawnPoint_2_1" parent="TEAM_2_HQ" instance=ExtResource("3_roggi")]
transform = Transform3D(0.87795, 0, -0.478754, 0, 1, 0, 0.478754, 0, 0.87795, 0, 0, -3)

[node name="SpawnPoint_2_2" parent="TEAM_2_HQ" instance=ExtResource("3_roggi")]
transform = Transform3D(-0.997604, 0, 0.0691822, 0, 1, 0, -0.0691822, 0, -0.997604, 3, 0, 0)

[node name="SpawnPoint_2_3" parent="TEAM_2_HQ" instance=ExtResource("3_roggi")]
transform = Transform3D(0.162758, 0, 0.986666, 0, 1, 0, -0.986666, 0, 0.162758, -3, 0, 0)

[node name="SpawnPoint_2_4" parent="TEAM_2_HQ" instance=ExtResource("3_roggi")]
transform = Transform3D(-0.165771, 0, -0.986164, 0, 1, 0, 0.986164, 0, -0.165771, 0, 0, 3)

[node name="CombatArea" parent="." node_paths=PackedStringArray("CombatVolume") instance=ExtResource("4_medn7")]
transform = Transform3D(1, 0, 0, 0, 1, 0, 0, 0, 1, 1458.32, 33.5003, 0)
CombatVolume = NodePath("CombatVolume")

[node name="CombatVolume" parent="CombatArea" instance=ExtResource("2_dgb3x")]
transform = Transform3D(1, 0, 0, 0, 1, 0, 0, 0, 1, -1405.39, 96.838, 256.698)
points = PackedVector2Array(-22.6125, -298.274, -65.6962, -128.059, -55.469, -45.6024, -29.901, -27.7048, 9.72935, -4.05443, 83.2373, 14.4824, 150.769, 11.5637, 194.234, -5.69469, 225.555, -37.0155, 226.036, -140.392, 82.8554, -284.851)
height = 200.0

[node name="Static" type="Node3D" parent="."]

[node name="MP_Capstone_Terrain" parent="Static" instance=ExtResource("5_5c5ya")]
metadata/_edit_lock_ = true

[node name="MP_Capstone_Assets" parent="Static" instance=ExtResource("6_pbfgd")]
metadata/_edit_lock_ = true

[node name="DeployCam" parent="." instance=ExtResource("7_1mdp5")]
transform = Transform3D(1, 0, 0, 0, 0, 1, 0, -1, 0, 128.645, 232.894, 125.419)

[node name="CapturePointA" parent="." node_paths=PackedStringArray("CaptureArea", "InfantrySpawnPoints_Team1", "InfantrySpawnPoints_Team2") instance=ExtResource("8_dgb3x")]
transform = Transform3D(1, 0, 0, 0, 1, 0, 0, 0, 1, 103.187, 133.091, 63.105)
ObjId = 201
CaptureArea = NodePath("CaptureArea")
InfantrySpawnPoints_Team1 = [NodePath("Spawns/Team1/SpawnPoint"), NodePath("Spawns/Team1/SpawnPoint2"), NodePath("Spawns/Team1/SpawnPoint3"), NodePath("Spawns/Team1/SpawnPoint4"), NodePath("Spawns/Team1/SpawnPoint5")]
InfantrySpawnPoints_Team2 = [NodePath("Spawns/Team2/SpawnPoint"), NodePath("Spawns/Team2/SpawnPoint2"), NodePath("Spawns/Team2/SpawnPoint3"), NodePath("Spawns/Team2/SpawnPoint4"), NodePath("Spawns/Team2/SpawnPoint5")]

[node name="CaptureArea" parent="CapturePointA" instance=ExtResource("2_dgb3x")]
points = PackedVector2Array(-0.524757, -8.8034, -7.09549, 3.17532, 1.29774, 7.62627, 7.83112, -4.28004)
height = 6.0

[node name="Spawns" type="Node3D" parent="CapturePointA"]

[node name="Team1" type="Node3D" parent="CapturePointA/Spawns"]

[node name="SpawnPoint" parent="CapturePointA/Spawns/Team1" instance=ExtResource("3_roggi")]
transform = Transform3D(1, 0, 0, 0, 1, 0, 0, 0, 1, -13.587, 0, -24.864)

[node name="SpawnPoint2" parent="CapturePointA/Spawns/Team1" instance=ExtResource("3_roggi")]
transform = Transform3D(-0.736262, 0, -0.676696, 0, 1, 0, 0.676696, 0, -0.736262, 5.152, 0, -28.885)

[node name="SpawnPoint3" parent="CapturePointA/Spawns/Team1" instance=ExtResource("3_roggi")]
transform = Transform3D(-0.685742, 0, -0.727845, 0, 1, 0, 0.727845, 0, -0.685742, 25.3498, -0.0310364, -18.4605)

[node name="SpawnPoint4" parent="CapturePointA/Spawns/Team1" instance=ExtResource("3_roggi")]
transform = Transform3D(0.609647, 0, -0.792673, 0, 1, 0, 0.792673, 0, 0.609647, -30.375, 0, -4.935)

[node name="SpawnPoint5" parent="CapturePointA/Spawns/Team1" instance=ExtResource("3_roggi")]
transform = Transform3D(-0.990655, 0, 0.13639, 0, 1, 0, -0.13639, 0, -0.990655, -48.927, 0, 6.154)

[node name="Team2" type="Node3D" parent="CapturePointA/Spawns"]

[node name="SpawnPoint" parent="CapturePointA/Spawns/Team2" instance=ExtResource("3_roggi")]
transform = Transform3D(0.63284, 0, 0.774282, 0, 1, 0, -0.774282, 0, 0.63284, -43.855, 3.65222, 24.4016)

[node name="SpawnPoint2" parent="CapturePointA/Spawns/Team2" instance=ExtResource("3_roggi")]
transform = Transform3D(-0.606641, 0, -0.794976, 0, 1, 0, 0.794976, 0, -0.606641, -52.6586, 2.05202, 13.2309)

[node name="SpawnPoint3" parent="CapturePointA/Spawns/Team2" instance=ExtResource("3_roggi")]
transform = Transform3D(0.742245, 0, -0.670129, 0, 1, 0, 0.670129, 0, 0.742245, -24.0103, -3.45623, -32.1209)

[node name="SpawnPoint4" parent="CapturePointA/Spawns/Team2" instance=ExtResource("3_roggi")]
transform = Transform3D(0.708241, 0, 0.70597, 0, 1, 0, -0.70597, 0, 0.708241, -19.549, -3.03079, -39.053)

[node name="SpawnPoint5" parent="CapturePointA/Spawns/Team2" instance=ExtResource("3_roggi")]
transform = Transform3D(-0.359085, 0, 0.933305, 0, 1, 0, -0.933305, 0, -0.359085, -46.6003, 3.8658, 35.8616)

[node name="CapturePointB" parent="." node_paths=PackedStringArray("CaptureArea", "InfantrySpawnPoints_Team1", "InfantrySpawnPoints_Team2") instance=ExtResource("8_dgb3x")]
transform = Transform3D(1, 0, 0, 0, 1, 0, 0, 0, 1, 176.029, -14.7932, 93.2501)
ObjId = 202
CaptureArea = NodePath("CaptureArea")
InfantrySpawnPoints_Team1 = [NodePath("Spawns/Team1/SpawnPoint"), NodePath("Spawns/Team1/SpawnPoint2"), NodePath("Spawns/Team1/SpawnPoint3"), NodePath("Spawns/Team1/SpawnPoint4"), NodePath("Spawns/Team1/SpawnPoint5")]
InfantrySpawnPoints_Team2 = [NodePath("Spawns/Team2/SpawnPoint"), NodePath("Spawns/Team2/SpawnPoint2"), NodePath("Spawns/Team2/SpawnPoint3"), NodePath("Spawns/Team2/SpawnPoint4"), NodePath("Spawns/Team2/SpawnPoint5")]

[node name="CaptureArea" parent="CapturePointB" instance=ExtResource("2_dgb3x")]
transform = Transform3D(1, 0, 0, 0, 1, 0, 0, 0, 1, 5.62775, 0, 0.675323)
points = PackedVector2Array(-3.99652, -9.37484, -14.7117, 0.0797119, -4.67181, 9.71435, 3.52216, 5.6624, 11.4459, -1.67613)
height = 10.0

[node name="Spawns" type="Node3D" parent="CapturePointB"]

[node name="Team1" type="Node3D" parent="CapturePointB/Spawns"]

[node name="SpawnPoint" parent="CapturePointB/Spawns/Team1" instance=ExtResource("3_roggi")]
transform = Transform3D(0.0191102, 0, -0.999817, 0, 1, 0, 0.999817, 0, 0.0191102, 13.9054, 3.8196, 29.216)

[node name="SpawnPoint2" parent="CapturePointB/Spawns/Team1" instance=ExtResource("3_roggi")]
transform = Transform3D(-0.240313, 0, -0.970696, 0, 1, 0, 0.970696, 0, -0.240313, 18.0908, 3.92815, 52.9288)

[node name="SpawnPoint3" parent="CapturePointB/Spawns/Team1" instance=ExtResource("3_roggi")]
transform = Transform3D(-0.976466, 0, -0.215673, 0, 1, 0, 0.215673, 0, -0.976466, -1.53607, 7.5686, 52.385)

[node name="SpawnPoint4" parent="CapturePointB/Spawns/Team1" instance=ExtResource("3_roggi")]
transform = Transform3D(-0.753219, 0, -0.65777, 0, 1, 0, 0.65777, 0, -0.753219, 8.96741, 3.94256, 43.3519)

[node name="SpawnPoint5" parent="CapturePointB/Spawns/Team1" instance=ExtResource("3_roggi")]
transform = Transform3D(-0.740042, 0, -0.672561, 0, 1, 0, 0.672561, 0, -0.740042, -17.9108, 6.95644, 57.8895)

[node name="Team2" type="Node3D" parent="CapturePointB/Spawns"]

[node name="SpawnPoint" parent="CapturePointB/Spawns/Team2" instance=ExtResource("3_roggi")]
transform = Transform3D(1, 0, 0, 0, 1, 0, 0, 0, 1, -9.37396, -1.15073, -47.7991)

[node name="SpawnPoint2" parent="CapturePointB/Spawns/Team2" instance=ExtResource("3_roggi")]
transform = Transform3D(1, 0, 0, 0, 1, 0, 0, 0, 1, -27.8063, -0.0305634, -36.0027)

[node name="SpawnPoint3" parent="CapturePointB/Spawns/Team2" instance=ExtResource("3_roggi")]
transform = Transform3D(-0.846007, 0, 0.533172, 0, 1, 0, -0.533172, 0, -0.846007, -23.1561, 0.105324, -38.6528)

[node name="SpawnPoint4" parent="CapturePointB/Spawns/Team2" instance=ExtResource("3_roggi")]
transform = Transform3D(1, 0, 0, 0, 1, 0, 0, 0, 1, -40.5585, 0.0495758, -13.0529)

[node name="SpawnPoint5" parent="CapturePointB/Spawns/Team2" instance=ExtResource("3_roggi")]
transform = Transform3D(-0.769087, 0, 0.639144, 0, 1, 0, -0.639144, 0, -0.769087, -47.1973, 1.5266, 8.83157)

[node name="CapturePointC" parent="." node_paths=PackedStringArray("CaptureArea", "InfantrySpawnPoints_Team1", "InfantrySpawnPoints_Team2") instance=ExtResource("8_dgb3x")]
transform = Transform3D(1, 0, 0, 0, 1, 0, 0, 0, 1, 168.691, -3.5045, 178.004)
ObjId = 203
CaptureArea = NodePath("CaptureArea")
InfantrySpawnPoints_Team1 = [NodePath("Spawns/Team1/SpawnPoint"), NodePath("Spawns/Team1/SpawnPoint2"), NodePath("Spawns/Team1/SpawnPoint3"), NodePath("Spawns/Team1/SpawnPoint4"), NodePath("Spawns/Team1/SpawnPoint5")]
InfantrySpawnPoints_Team2 = [NodePath("Spawns/Team2/SpawnPoint"), NodePath("Spawns/Team2/SpawnPoint2"), NodePath("Spawns/Team2/SpawnPoint3"), NodePath("Spawns/Team2/SpawnPoint4"), NodePath("Spawns/Team2/SpawnPoint5")]

[node name="CaptureArea" parent="CapturePointC" instance=ExtResource("2_dgb3x")]
transform = Transform3D(1, 0, 0, 0, 1, 0, 0, 0, 1, 0, -3.61683, 0)
points = PackedVector2Array(8.92493, -6.33711, -3.82367, -3.64896, -0.963257, 8.63397, 10.7513, 5.62581)
height = 3.0

[node name="Spawns" type="Node3D" parent="CapturePointC"]

[node name="Team1" type="Node3D" parent="CapturePointC/Spawns"]

[node name="SpawnPoint" parent="CapturePointC/Spawns/Team1" instance=ExtResource("3_roggi")]
transform = Transform3D(-0.992812, 0, -0.119686, 0, 1, 0, 0.119686, 0, -0.992812, 36.5555, -3.44412, -5.11806)

[node name="SpawnPoint2" parent="CapturePointC/Spawns/Team1" instance=ExtResource("3_roggi")]
transform = Transform3D(0.270231, 0, -0.962796, 0, 1, 0, 0.962796, 0, 0.270231, 38.9572, -5.60137, -19.955)

[node name="SpawnPoint3" parent="CapturePointC/Spawns/Team1" instance=ExtResource("3_roggi")]
transform = Transform3D(-0.268987, 0, -0.963144, 0, 1, 0, 0.963144, 0, -0.268987, 30.6311, 0.184013, 28.1337)

[node name="SpawnPoint4" parent="CapturePointC/Spawns/Team1" instance=ExtResource("3_roggi")]
transform = Transform3D(1, 0, 0, 0, 1, 0, 0, 0, 1, 32.0437, -3.61189, 1.80083)

[node name="SpawnPoint5" parent="CapturePointC/Spawns/Team1" instance=ExtResource("3_roggi")]
transform = Transform3D(0.291153, 0, -0.956676, 0, 1, 0, 0.956676, 0, 0.291153, 24.168, -4.15974, -20.9795)

[node name="Team2" type="Node3D" parent="CapturePointC/Spawns"]

[node name="SpawnPoint" parent="CapturePointC/Spawns/Team2" instance=ExtResource("3_roggi")]
transform = Transform3D(-0.970506, 0, 0.241075, 0, 1, 0, -0.241075, 0, -0.970506, -43.3427, -10.8352, -3.87617)

[node name="SpawnPoint2" parent="CapturePointC/Spawns/Team2" instance=ExtResource("3_roggi")]
transform = Transform3D(-0.236465, 0, 0.97164, 0, 1, 0, -0.97164, 0, -0.236465, -24.0129, -5.2578, 18.4583)

[node name="SpawnPoint3" parent="CapturePointC/Spawns/Team2" instance=ExtResource("3_roggi")]
transform = Transform3D(0.0285672, 0, 0.999592, 0, 1, 0, -0.999592, 0, 0.0285672, -20.0385, -3.0482, 41.669)

[node name="SpawnPoint4" parent="CapturePointC/Spawns/Team2" instance=ExtResource("3_roggi")]
transform = Transform3D(1, 0, 0, 0, 1, 0, 0, 0, 1, -12.9174, -7.78365, -27.8349)

[node name="SpawnPoint5" parent="CapturePointC/Spawns/Team2" instance=ExtResource("3_roggi")]
transform = Transform3D(-0.999858, 0, 0.0168765, 0, 1, 0, -0.0168765, 0, -0.999858, -24.4568, -8.94979, -9.22562)

[node name="BarrierStoneBlock_01_D" parent="." instance=ExtResource("9_roggi")]
transform = Transform3D(0.875717, 0, -0.482824, 0, 1, 0, 0.482824, 0, 0.875717, 98.366, 135.346, 60.7524)
