[gd_scene load_steps=21 format=3 uid="uid://bghtnwkg6abq1"]

[ext_resource type="PackedScene" path="res://objects/Gameplay/Common/HQ_PlayerSpawner.tscn" id="1_21y6d"]
[ext_resource type="PackedScene" uid="uid://jv31so3xcr7p" path="res://addons/bf_portal/portal_tools/types/PolygonVolume/PolygonVolume.tscn" id="2_jrr20"]
[ext_resource type="PackedScene" path="res://objects/entities/SpawnPoint.tscn" id="3_d2ioe"]
[ext_resource type="PackedScene" path="res://objects/Global/Generic/Common/Props/FlagPole_01_USA.tscn" id="4_u42c0"]
[ext_resource type="PackedScene" path="res://objects/Gameplay/Common/InteractPoint.tscn" id="5_5ftqc"]
[ext_resource type="Script" uid="uid://47t74odumpid" path="res://scripts/Gameplay/Common/WorldIcon.gd" id="6_4q8t5"]
[ext_resource type="PackedScene" path="res://objects/Gameplay/Common/WorldIcon.tscn" id="7_dk52t"]
[ext_resource type="PackedScene" path="res://addons/bf_portal/portal_tools/VehicleSpawner.tscn" id="8_hjqru"]
[ext_resource type="PackedScene" path="res://objects/Gameplay/Common/AreaTrigger.tscn" id="9_xaje7"]
[ext_resource type="PackedScene" path="res://objects/Gameplay/Common/CombatArea.tscn" id="10_strqm"]
[ext_resource type="PackedScene" path="res://static/MP_Capstone_Terrain.tscn" id="11_x8nwo"]
[ext_resource type="PackedScene" path="res://static/MP_Capstone_Assets.tscn" id="12_66uwt"]
[ext_resource type="PackedScene" path="res://objects/Shared/Generic/Military/Props/BarrierConcreteWall_01_192x320.tscn" id="13_m0qbo"]
[ext_resource type="PackedScene" path="res://objects/Global/Props/BarrierStoneBlock_01_A.tscn" id="14_jaopp"]
[ext_resource type="PackedScene" path="res://objects/Shared/Generic/Military/Props/BarrierBlockConcrete_02_128_60.tscn" id="15_7187y"]
[ext_resource type="PackedScene" path="res://objects/Global/Props/BarrierStoneBlock_01_D.tscn" id="16_j8wto"]
[ext_resource type="PackedScene" path="res://objects/Gameplay/Common/DeployCam.tscn" id="18_r2fn3"]
[ext_resource type="PackedScene" path="res://objects/Gameplay/Conquest/CapturePoint.tscn" id="19_iwf8i"]
[ext_resource type="PackedScene" path="res://objects/Gameplay/Common/Sector.tscn" id="20_12ei2"]
[ext_resource type="PackedScene" path="res://objects/Global/Props/BarrierStoneBlock_01_G.tscn" id="20_r1aal"]

[node name="MP_Capstone" type="Node3D"]

[node name="TEAM_1_HQ" parent="." node_paths=PackedStringArray("HQArea", "InfantrySpawns") instance=ExtResource("1_21y6d")]
transform = Transform3D(1, 0, 0, 0, 1, 0, 0, 0, 1, 87.0752, 123.13, 8.03396)
AltTeam = 0
ObjId = 1
HQArea = NodePath("HQ_Team1")
InfantrySpawns = [NodePath("SpawnPoint_1_1"), NodePath("SpawnPoint_1_2"), NodePath("SpawnPoint_1_3"), NodePath("SpawnPoint_1_4")]

[node name="HQ_Team1" parent="TEAM_1_HQ" instance=ExtResource("2_jrr20")]
points = PackedVector2Array(89.1663, 29.5292, 34.9726, -30.6422, -62.2547, -0.292724, -84.0986, 79.8485, 19.4635, 29.1785)

[node name="SpawnPoint_1_1" parent="TEAM_1_HQ" instance=ExtResource("3_d2ioe")]
transform = Transform3D(0.999884, 0, -0.0152535, 0, 1, 0, 0.0152535, 0, 0.999884, 19.9417, -1.96687, -5.03187)

[node name="SpawnPoint_1_2" parent="TEAM_1_HQ" instance=ExtResource("3_d2ioe")]
transform = Transform3D(0.875616, 0, 0.483007, 0, 1, 0, -0.483007, 0, 0.875616, -20.9882, 1.51184, -0.50769)

[node name="SpawnPoint_1_3" parent="TEAM_1_HQ" instance=ExtResource("3_d2ioe")]
transform = Transform3D(0.836812, 0, -0.54749, 0, 1, 0, 0.54749, 0, 0.836812, -1.65164, 1.0182, 6.68239)

[node name="SpawnPoint_1_4" parent="TEAM_1_HQ" instance=ExtResource("3_d2ioe")]
transform = Transform3D(0.503095, 0, 0.86423, 0, 1, 0, -0.86423, 0, 0.503095, 0, 1.06541, 6.69534)

[node name="InteractArea" parent="TEAM_1_HQ" instance=ExtResource("4_u42c0")]
transform = Transform3D(0.999757, 0, 0.0220417, 0, 1, 0, -0.0220417, 0, 0.999757, 0, -0.197586, -0.920291)

[node name="InteractPointChangeTeam" parent="TEAM_1_HQ/InteractArea" instance=ExtResource("5_5ftqc")]
transform = Transform3D(1, 0, 0, 0, 1, 0, 0, 0, 1, 3, 1, 0)
ObjId = 2001

[node name="WorldIcon" type="Node3D" parent="TEAM_1_HQ/InteractArea/InteractPointChangeTeam"]
script = ExtResource("6_4q8t5")
ObjId = 5001
iconTextVisible = true
iconColor = [0.0, 1.0, 0.0]
iconImagePicker = 6
iconImageVisible = true
iconTeamOwnerId = 1

[node name="InteractPointReady" parent="TEAM_1_HQ/InteractArea" instance=ExtResource("5_5ftqc")]
transform = Transform3D(-4.37114e-08, 0, 1, 0, 1, 0, -1, 0, -4.37114e-08, -3, 1, 0)
ObjId = 2002

[node name="WorldIcon" type="Node3D" parent="TEAM_1_HQ/InteractArea/InteractPointReady"]
script = ExtResource("6_4q8t5")
ObjId = 5002
iconTextVisible = true
iconColor = [0.0, 0.5, 1.0]
iconImagePicker = 7
iconImageVisible = true
iconTeamOwnerId = 1

[node name="InteractPointSpectate" parent="TEAM_1_HQ/InteractArea" instance=ExtResource("5_5ftqc")]
transform = Transform3D(0.971147, 0, 0.238483, 0, 1, 0, -0.238483, 0, 0.971147, -25.6777, 1.94797, 3.59914)
ObjId = 6001

[node name="WorldIcon" parent="TEAM_1_HQ/InteractArea" instance=ExtResource("7_dk52t")]
transform = Transform3D(1, 0, 0, 0, 1, 0, 0, 0, 1, 0, 2, 0)
ObjId = 5011
iconTextVisible = true
iconColor = [0.0, 0.0, 1.0]
iconImagePicker = 7
iconTeamOwnerId = 1

[node name="MBTSpawner" parent="TEAM_1_HQ" instance=ExtResource("8_hjqru")]
transform = Transform3D(0.970279, 0, 0.24199, 0, 1, 0, -0.24199, 0, 0.970279, 3.8242, -1.94872, -8.55387)
ObjId = 701
P_DefaultRespawnTime = 120

[node name="TransportSpawner" parent="TEAM_1_HQ" instance=ExtResource("8_hjqru")]
transform = Transform3D(0.970279, 0, 0.24199, 0, 1, 0, -0.24199, 0, 0.970279, 9.62229, -1.94872, -9.99993)
ObjId = 703
VehicleType = 12
P_DefaultRespawnTime = 30

[node name="AreaTrigger" parent="TEAM_1_HQ" node_paths=PackedStringArray("Area") instance=ExtResource("9_xaje7")]
ObjId = 7001
Area = NodePath("../HQ_Team1")

[node name="TEAM_2_HQ" parent="." node_paths=PackedStringArray("HQArea", "InfantrySpawns") instance=ExtResource("1_21y6d")]
transform = Transform3D(1, 0, 0, 0, 1, 0, 0, 0, 1, 210.229, 141.464, 244.223)
Team = 2
AltTeam = 0
ObjId = 2
HQArea = NodePath("HQ_Team2")
InfantrySpawns = [NodePath("SpawnPoint_2_1"), NodePath("SpawnPoint_2_2"), NodePath("SpawnPoint_2_3"), NodePath("SpawnPoint_2_4")]

[node name="HQ_Team2" parent="TEAM_2_HQ" instance=ExtResource("2_jrr20")]
transform = Transform3D(1, 0, 0, 0, 1, 0, 0, 0, 1, -9.085, 0, -5.799)
points = PackedVector2Array(42.4889, 13.093, 42.155, -77.1092, -8.01151, -21.9402, -117.102, 17.7316, 7.9356, 54.2983)

[node name="SpawnPoint_2_1" parent="TEAM_2_HQ" instance=ExtResource("3_d2ioe")]
transform = Transform3D(-0.30646, 0, -0.951884, 0, 1, 0, 0.951884, 0, -0.30646, -30.9694, 0.149734, -3.27562)

[node name="SpawnPoint_2_2" parent="TEAM_2_HQ" instance=ExtResource("3_d2ioe")]
transform = Transform3D(-0.959751, 0, 0.280851, 0, 1, 0, -0.280851, 0, -0.959751, -12.9538, 0.0329895, -0.493759)

[node name="SpawnPoint_2_3" parent="TEAM_2_HQ" instance=ExtResource("3_d2ioe")]
transform = Transform3D(-0.649793, 0, -0.760111, 0, 1, 0, 0.760111, 0, -0.649793, -15.9878, 0.00335693, -0.59996)

[node name="SpawnPoint_2_4" parent="TEAM_2_HQ" instance=ExtResource("3_d2ioe")]
transform = Transform3D(-0.932141, 0, -0.362096, 0, 1, 0, 0.362096, 0, -0.932141, -1.45821, -0.300751, -7.51395)

[node name="InteractArea" parent="TEAM_2_HQ" instance=ExtResource("4_u42c0")]
transform = Transform3D(0.620204, 0, 0.784441, 0, 1, 0, -0.784441, 0, 0.620204, -0.0431519, -0.252274, 0.0410309)

[node name="InteractPointChangeTeam" parent="TEAM_2_HQ/InteractArea" instance=ExtResource("5_5ftqc")]
transform = Transform3D(1, 0, 0, 0, 1, 0, 0, 0, 1, -3, 1, 0)
ObjId = 2003

[node name="WorldIcon" type="Node3D" parent="TEAM_2_HQ/InteractArea/InteractPointChangeTeam"]
script = ExtResource("6_4q8t5")
ObjId = 5003
iconTextVisible = true
iconColor = [0.0, 1.0, 0.0]
iconImagePicker = 6
iconImageVisible = true
iconTeamOwnerId = 2

[node name="InteractPointReady" parent="TEAM_2_HQ/InteractArea" instance=ExtResource("5_5ftqc")]
transform = Transform3D(-4.37114e-08, 0, 1, 0, 1, 0, -1, 0, -4.37114e-08, 3, 1, 0)
ObjId = 2004

[node name="WorldIcon" type="Node3D" parent="TEAM_2_HQ/InteractArea/InteractPointReady"]
script = ExtResource("6_4q8t5")
ObjId = 5004
iconTextVisible = true
iconColor = [0.0, 0.5, 1.0]
iconImagePicker = 7
iconImageVisible = true
iconTeamOwnerId = 2

[node name="WorldIcon" parent="TEAM_2_HQ/InteractArea" instance=ExtResource("7_dk52t")]
transform = Transform3D(1, 0, 0, 0, 1, 0, 0, 0, 1, 0, 2, 0)
ObjId = 5012
iconTextVisible = true
iconColor = [0.0, 0.0, 1.0]
iconImagePicker = 7
iconTeamOwnerId = 2

[node name="AreaTrigger2" parent="TEAM_2_HQ" node_paths=PackedStringArray("Area") instance=ExtResource("9_xaje7")]
transform = Transform3D(1, 0, 0, 0, 1, 0, 0, 0, 1, -11.3925, -6.19859, -11.3767)
ObjId = 7002
Area = NodePath("../HQ_Team2")

[node name="CombatArea" parent="." node_paths=PackedStringArray("CombatVolume") instance=ExtResource("10_strqm")]
transform = Transform3D(1, 0, 0, 0, 1, 0, 0, 0, 1, 1458.32, 33.5003, 0)
CombatVolume = NodePath("CombatVolume")

[node name="CombatVolume" parent="CombatArea" instance=ExtResource("2_jrr20")]
transform = Transform3D(1, 0, 0, 0, 1, 0, 0, 0, 1, -1405.39, 96.838, 256.698)
points = PackedVector2Array(-49.7306, -169.177, -65.6962, -128.059, -55.469, -45.6024, -29.901, -27.7048, 9.72935, -4.05443, 31.0557, -0.573761, 140.144, -40.1044, 190.364, -95.4352, 187.173, -123.912, 181.116, -161.608, 123.19, -219.116, 53.6509, -219.529)
height = 200.0

[node name="Static" type="Node3D" parent="."]
transform = Transform3D(1, 0, 0, 0, 1, 0, 0, 0, 1, 0.35231, -0.754654, 0.181458)

[node name="MP_Capstone_Terrain" parent="Static" instance=ExtResource("11_x8nwo")]
metadata/_edit_lock_ = true

[node name="MP_Capstone_Assets" parent="Static" instance=ExtResource("12_66uwt")]
metadata/_edit_lock_ = true

[node name="BarrierConcreteWall_01_192x320" parent="Static" instance=ExtResource("13_m0qbo")]
transform = Transform3D(0.497655, 0, 0.867375, 0, 1, 0, -0.867375, 0, 0.497655, 184.011, 142.2, 230.036)

[node name="BarrierConcreteWall_01_192x321" parent="Static" instance=ExtResource("13_m0qbo")]
transform = Transform3D(0.497655, 0, 0.867375, 0, 1, 0, -0.867375, 0, 0.497655, 185.003, 142.2, 228.366)

[node name="BarrierConcreteWall_01_192x322" parent="Static" instance=ExtResource("13_m0qbo")]
transform = Transform3D(0.497655, 0, 0.867375, 0, 1, 0, -0.867375, 0, 0.497655, 185.97, 142.2, 226.724)

[node name="BarrierStoneBlock_01_A" parent="Static" instance=ExtResource("14_jaopp")]
transform = Transform3D(0.752403, 0, -0.658703, 0, 1, 0, 0.658703, 0, 0.752403, 188.109, 142.214, 160.742)

[node name="BarrierStoneBlock_01_A2" parent="Static" instance=ExtResource("14_jaopp")]
transform = Transform3D(0.995144, 0, -0.0984339, 0, 1, 0, 0.0984339, 0, 0.995144, 138.562, 146.577, 191.185)

[node name="BarrierStoneBlock_01_A4" parent="Static" instance=ExtResource("14_jaopp")]
transform = Transform3D(0.995144, 0, -0.0984339, 0, 1, 0, 0.0984339, 0, 0.995144, 138.662, 146.577, 189.999)

[node name="BarrierStoneBlock_01_A3" parent="Static" instance=ExtResource("14_jaopp")]
transform = Transform3D(0.995144, 0, -0.0984339, 0, 1, 0, 0.0984339, 0, 0.995144, 138.434, 146.577, 192.438)

[node name="BarrierBlockConcrete_02_128_60" parent="Static" instance=ExtResource("15_7187y")]
transform = Transform3D(0.627161, 0, 0.778889, 0, 1, 0, -0.778889, 0, 0.627161, 178.727, 139.495, 186.741)

[node name="BarrierBlockConcrete_02_128_63" parent="Static" instance=ExtResource("15_7187y")]
transform = Transform3D(0.627161, 0, 0.778889, 0, 1, 0, -0.778889, 0, 0.627161, 178.727, 140.098, 186.741)

[node name="BarrierBlockConcrete_02_128_61" parent="Static" instance=ExtResource("15_7187y")]
transform = Transform3D(0.627161, 0, 0.778889, 0, 1, 0, -0.778889, 0, 0.627161, 177.955, 139.495, 187.77)

[node name="BarrierBlockConcrete_02_128_62" parent="Static" instance=ExtResource("15_7187y")]
transform = Transform3D(0.627161, 0, 0.778889, 0, 1, 0, -0.778889, 0, 0.627161, 177.955, 140.126, 187.77)

[node name="BarrierBlockConcrete_02_128_64" parent="Static" instance=ExtResource("15_7187y")]
transform = Transform3D(0.627161, 0, 0.778889, 0, 1, 0, -0.778889, 0, 0.627161, 178.727, 140.682, 186.741)

[node name="BarrierBlockConcrete_02_128_65" parent="Static" instance=ExtResource("15_7187y")]
transform = Transform3D(0.627161, 0, 0.778889, 0, 1, 0, -0.778889, 0, 0.627161, 177.955, 140.71, 187.77)

[node name="BarrierStoneBlock_01_D5" parent="Static" instance=ExtResource("16_j8wto")]
transform = Transform3D(0.875717, 0, -0.482824, 0, 1, 0, 0.482824, 0, 0.875717, 103.036, 136.575, 65.3276)

[node name="DeployCam" parent="." instance=ExtResource("18_r2fn3")]
transform = Transform3D(1, 0, 0, 0, 0, 1, 0, -1, 0, 128.645, 232.894, 125.419)

[node name="CapturePointA" parent="." node_paths=PackedStringArray("CaptureArea", "InfantrySpawnPoints_Team1", "InfantrySpawnPoints_Team2") instance=ExtResource("19_iwf8i")]
transform = Transform3D(1, 0, 0, 0, 1, 0, 0, 0, 1, 103.187, 133.091, 63.105)
ObjId = 201
CaptureArea = NodePath("CaptureArea")
InfantrySpawnPoints_Team1 = [NodePath("Spawns/Team1/SpawnPoint"), NodePath("Spawns/Team1/SpawnPoint2"), NodePath("Spawns/Team1/SpawnPoint3"), NodePath("Spawns/Team1/SpawnPoint4"), NodePath("Spawns/Team1/SpawnPoint5")]
InfantrySpawnPoints_Team2 = [NodePath("Spawns/Team2/SpawnPoint"), NodePath("Spawns/Team2/SpawnPoint2"), NodePath("Spawns/Team2/SpawnPoint3"), NodePath("Spawns/Team2/SpawnPoint4"), NodePath("Spawns/Team2/SpawnPoint5")]

[node name="CaptureArea" parent="CapturePointA" instance=ExtResource("2_jrr20")]
points = PackedVector2Array(-0.074234, -7.99952, -5.77516, 2.92318, 1.58269, 6.78855, 7.398, -4.08668)
height = 2.6

[node name="Spawns" type="Node3D" parent="CapturePointA"]

[node name="Team1" type="Node3D" parent="CapturePointA/Spawns"]

[node name="SpawnPoint" parent="CapturePointA/Spawns/Team1" instance=ExtResource("3_d2ioe")]
transform = Transform3D(-0.0835213, 0, 0.996506, 0, 1, 0, -0.996506, 0, -0.0835213, -13.587, -4.08116, -24.864)

[node name="SpawnPoint2" parent="CapturePointA/Spawns/Team1" instance=ExtResource("3_d2ioe")]
transform = Transform3D(0.19497, 0, 0.980809, 0, 1, 0, -0.980809, 0, 0.19497, 5.152, -5.80902, -28.885)

[node name="SpawnPoint3" parent="CapturePointA/Spawns/Team1" instance=ExtResource("3_d2ioe")]
transform = Transform3D(0.33905, 0, -0.940768, 0, 1, 0, 0.940768, 0, 0.33905, 28.193, -7.12772, -20.3128)

[node name="SpawnPoint4" parent="CapturePointA/Spawns/Team1" instance=ExtResource("3_d2ioe")]
transform = Transform3D(0.609647, 0, -0.792673, 0, 1, 0, 0.792673, 0, 0.609647, -27.8066, 0.110062, -6.59549)

[node name="SpawnPoint5" parent="CapturePointA/Spawns/Team1" instance=ExtResource("3_d2ioe")]
transform = Transform3D(-0.990655, 0, 0.13639, 0, 1, 0, -0.13639, 0, -0.990655, -48.927, 0.325363, 7.81991)

[node name="Team2" type="Node3D" parent="CapturePointA/Spawns"]

[node name="SpawnPoint" parent="CapturePointA/Spawns/Team2" instance=ExtResource("3_d2ioe")]
transform = Transform3D(-0.985085, 0, -0.172067, 0, 1, 0, 0.172067, 0, -0.985085, -3.31314, 1.55641, 29.974)

[node name="SpawnPoint2" parent="CapturePointA/Spawns/Team2" instance=ExtResource("3_d2ioe")]
transform = Transform3D(-0.928213, 0, 0.372049, 0, 1, 0, -0.372049, 0, -0.928213, 29.4061, -2.20671, 13.5727)

[node name="SpawnPoint3" parent="CapturePointA/Spawns/Team2" instance=ExtResource("3_d2ioe")]
transform = Transform3D(-0.999634, 0, -0.0270667, 0, 1, 0, 0.0270667, 0, -0.999634, 16.899, 1.04037, 34.6496)

[node name="SpawnPoint4" parent="CapturePointA/Spawns/Team2" instance=ExtResource("3_d2ioe")]
transform = Transform3D(0.887831, 0, -0.460169, 0, 1, 0, 0.460169, 0, 0.887831, 34.3945, -4.03439, -7.11272)

[node name="SpawnPoint5" parent="CapturePointA/Spawns/Team2" instance=ExtResource("3_d2ioe")]
transform = Transform3D(0.826511, 0, -0.56292, 0, 1, 0, 0.56292, 0, 0.826511, 31.2351, -0.674606, 20.4855)

[node name="CapturePointB" parent="." node_paths=PackedStringArray("CaptureArea", "InfantrySpawnPoints_Team1", "InfantrySpawnPoints_Team2") instance=ExtResource("19_iwf8i")]
transform = Transform3D(1, 0, 0, 0, 1, 0, 0, 0, 1, 176.029, 134.715, 93.25)
ObjId = 202
CaptureArea = NodePath("CaptureArea")
InfantrySpawnPoints_Team1 = [NodePath("Spawns/Team1/SpawnPoint"), NodePath("Spawns/Team1/SpawnPoint2"), NodePath("Spawns/Team1/SpawnPoint3"), NodePath("Spawns/Team1/SpawnPoint4"), NodePath("Spawns/Team1/SpawnPoint5")]
InfantrySpawnPoints_Team2 = [NodePath("Spawns/Team2/SpawnPoint"), NodePath("Spawns/Team2/SpawnPoint2"), NodePath("Spawns/Team2/SpawnPoint3"), NodePath("Spawns/Team2/SpawnPoint4"), NodePath("Spawns/Team2/SpawnPoint5")]

[node name="CaptureArea" parent="CapturePointB" instance=ExtResource("2_jrr20")]
transform = Transform3D(1, 0, 0, 0, 1, 0, 0, 0, 1, 5.62775, -0.846832, 0.675323)
points = PackedVector2Array(-5.44061, -8.3726, -11.8533, 2.88253, -4.71028, 6.7206, 1.59451, -4.47185)
height = 3.0

[node name="Spawns" type="Node3D" parent="CapturePointB"]

[node name="Team1" type="Node3D" parent="CapturePointB/Spawns"]

[node name="SpawnPoint" parent="CapturePointB/Spawns/Team1" instance=ExtResource("3_d2ioe")]
transform = Transform3D(0.985342, 0, 0.170588, 0, 1, 0, -0.170588, 0, 0.985342, -3.60867, -6.20319, -25.6791)

[node name="SpawnPoint2" parent="CapturePointB/Spawns/Team1" instance=ExtResource("3_d2ioe")]
transform = Transform3D(0.944147, 0, 0.329526, 0, 1, 0, -0.329526, 0, 0.944147, 13.8539, -6.8206, -21.0642)

[node name="SpawnPoint3" parent="CapturePointB/Spawns/Team1" instance=ExtResource("3_d2ioe")]
transform = Transform3D(-0.976466, 0, -0.215673, 0, 1, 0, 0.215673, 0, -0.976466, -29.2536, -3.61757, -13.8931)

[node name="SpawnPoint4" parent="CapturePointB/Spawns/Team1" instance=ExtResource("3_d2ioe")]
transform = Transform3D(0.826737, 0, -0.562588, 0, 1, 0, 0.562588, 0, 0.826737, -17.2747, -5.55287, -25.6613)

[node name="SpawnPoint5" parent="CapturePointB/Spawns/Team1" instance=ExtResource("3_d2ioe")]
transform = Transform3D(-0.0250258, 0, 0.999687, 0, 1, 0, -0.999687, 0, -0.0250258, -21.6805, -3.72147, -7.89919)

[node name="Team2" type="Node3D" parent="CapturePointB/Spawns"]

[node name="SpawnPoint" parent="CapturePointB/Spawns/Team2" instance=ExtResource("3_d2ioe")]
transform = Transform3D(0.265792, 0, 0.964031, 0, 1, 0, -0.964031, 0, 0.265792, -9.37396, 1.77208, 28.6728)

[node name="SpawnPoint2" parent="CapturePointB/Spawns/Team2" instance=ExtResource("3_d2ioe")]
transform = Transform3D(0.00403172, 0, 0.999992, 0, 1, 0, -0.999992, 0, 0.00403172, -28.4708, 0.337372, 21.4307)

[node name="SpawnPoint3" parent="CapturePointB/Spawns/Team2" instance=ExtResource("3_d2ioe")]
transform = Transform3D(-0.999797, 0, -0.0201568, 0, 1, 0, 0.0201568, 0, -0.999797, 43.2958, -6.99858, -5.30934)

[node name="SpawnPoint4" parent="CapturePointB/Spawns/Team2" instance=ExtResource("3_d2ioe")]
transform = Transform3D(-0.890554, 0, 0.454877, 0, 1, 0, -0.454877, 0, -0.890554, 7.80263, -0.0773926, 35.3018)

[node name="SpawnPoint5" parent="CapturePointB/Spawns/Team2" instance=ExtResource("3_d2ioe")]
transform = Transform3D(-0.225632, 0, -0.974213, 0, 1, 0, 0.974213, 0, -0.225632, 29.496, -4.60306, 11.6265)

[node name="BarrierStoneBlock_01_A" parent="CapturePointB" instance=ExtResource("14_jaopp")]
transform = Transform3D(0.869685, 0, -0.493608, 0, 1, 0, 0.493608, 0, 0.869685, 0.411041, 3.30412, -2.50555)

[node name="CapturePointC" parent="." node_paths=PackedStringArray("CaptureArea", "InfantrySpawnPoints_Team1", "InfantrySpawnPoints_Team2") instance=ExtResource("19_iwf8i")]
transform = Transform3D(1, 0, 0, 0, 1, 0, 0, 0, 1, 178.813, 139.123, 188.155)
ObjId = 203
CaptureArea = NodePath("CaptureArea")
InfantrySpawnPoints_Team1 = [NodePath("Spawns/Team1/SpawnPoint"), NodePath("Spawns/Team1/SpawnPoint2"), NodePath("Spawns/Team1/SpawnPoint3"), NodePath("Spawns/Team1/SpawnPoint4"), NodePath("Spawns/Team1/SpawnPoint5")]
InfantrySpawnPoints_Team2 = [NodePath("Spawns/Team2/SpawnPoint"), NodePath("Spawns/Team2/SpawnPoint2"), NodePath("Spawns/Team2/SpawnPoint3"), NodePath("Spawns/Team2/SpawnPoint4"), NodePath("Spawns/Team2/SpawnPoint5")]

[node name="CaptureArea" parent="CapturePointC" instance=ExtResource("2_jrr20")]
points = PackedVector2Array(-1.63948, -5.63379, -6.06441, -0.341232, 5.3246, 8.40329, 10.3059, 2.52696)
height = 6.0

[node name="Spawns" type="Node3D" parent="CapturePointC"]

[node name="Team1" type="Node3D" parent="CapturePointC/Spawns"]

[node name="SpawnPoint" parent="CapturePointC/Spawns/Team1" instance=ExtResource("3_d2ioe")]
transform = Transform3D(0.904901, 0, 0.425621, 0, 1, 0, -0.425621, 0, 0.904901, -48.221, 2.89032, -15.761)

[node name="SpawnPoint2" parent="CapturePointC/Spawns/Team1" instance=ExtResource("3_d2ioe")]
transform = Transform3D(-0.971731, 0, 0.236092, 0, 1, 0, -0.236092, 0, -0.971731, -46.4086, 5.18184, 1.28229)

[node name="SpawnPoint3" parent="CapturePointC/Spawns/Team1" instance=ExtResource("3_d2ioe")]
transform = Transform3D(0.73152, 0, 0.68182, 0, 1, 0, -0.68182, 0, 0.73152, -38.8456, 4.18057, 15.6703)

[node name="SpawnPoint4" parent="CapturePointC/Spawns/Team1" instance=ExtResource("3_d2ioe")]
transform = Transform3D(-0.408745, 0, -0.912649, 0, 1, 0, 0.912649, 0, -0.408745, 10.4812, -0.794678, -32.9666)

[node name="SpawnPoint5" parent="CapturePointC/Spawns/Team1" instance=ExtResource("3_d2ioe")]
transform = Transform3D(0.644684, 0, -0.764449, 0, 1, 0, 0.764449, 0, 0.644684, 2.42703, -0.822952, -34.7823)

[node name="Team2" type="Node3D" parent="CapturePointC/Spawns"]

[node name="SpawnPoint" parent="CapturePointC/Spawns/Team2" instance=ExtResource("3_d2ioe")]
transform = Transform3D(-0.970506, 0, 0.241075, 0, 1, 0, -0.241075, 0, -0.970506, 25.7533, -1.54663, 13.9157)

[node name="SpawnPoint2" parent="CapturePointC/Spawns/Team2" instance=ExtResource("3_d2ioe")]
transform = Transform3D(-0.892444, 0, -0.451158, 0, 1, 0, 0.451158, 0, -0.892444, -7.31322, 2.34669, 38.0856)

[node name="SpawnPoint3" parent="CapturePointC/Spawns/Team2" instance=ExtResource("3_d2ioe")]
transform = Transform3D(0.897436, 0, -0.441146, 0, 1, 0, 0.441146, 0, 0.897436, 24.5109, -1.57927, -16.7006)

[node name="SpawnPoint4" parent="CapturePointC/Spawns/Team2" instance=ExtResource("3_d2ioe")]
transform = Transform3D(1, 0, 0, 0, 1, 0, 0, 0, 1, 16.7602, -1.61253, -26.9691)

[node name="SpawnPoint5" parent="CapturePointC/Spawns/Team2" instance=ExtResource("3_d2ioe")]
transform = Transform3D(-0.535237, 0, -0.844702, 0, 1, 0, 0.844702, 0, -0.535237, 26.9181, -1.52007, 21.1819)

[node name="Sector" parent="." node_paths=PackedStringArray("SectorArea", "CapturePoints") instance=ExtResource("20_12ei2")]
SectorArea = NodePath("../CombatArea/CombatVolume")
CapturePoints = [NodePath("../CapturePointA"), NodePath("../CapturePointB"), NodePath("../CapturePointC")]

[node name="Sector - Detects Team1 HQ Area" parent="." node_paths=PackedStringArray("SectorArea") instance=ExtResource("20_12ei2")]
transform = Transform3D(1, 0, 0, 0, 1, 0, 0, 0, 1, -287.32, 67.3944, 103.71)
ObjId = 3001
SectorArea = NodePath("../TEAM_1_HQ/HQ_Team1")

[node name="Sector - Detects Team2 HQ Area" parent="." node_paths=PackedStringArray("SectorArea") instance=ExtResource("20_12ei2")]
transform = Transform3D(1, 0, 0, 0, 1, 0, 0, 0, 1, -287.318, 67.3944, 103.71)
ObjId = 3002
SectorArea = NodePath("../TEAM_2_HQ/HQ_Team2")

[node name="RestrictedAreas" type="Node3D" parent="."]

[node name="AreaTrigger" parent="RestrictedAreas" node_paths=PackedStringArray("Area") instance=ExtResource("9_xaje7")]
transform = Transform3D(1, 0, 0, 0, 1, 0, 0, 0, 1, 127.922, 0, 90.5496)
ObjId = 20001
Area = NodePath("../PolygonVolume")

[node name="PolygonVolume" parent="RestrictedAreas" instance=ExtResource("2_jrr20")]
transform = Transform3D(1, 0, 0, 0, 1, 0, 0, 0, 1, 103.893, 135.986, 62.7018)
points = PackedVector2Array(-0.970383, -8.82327, -8.15839, 3.89949, 1.04227, 8.85921, 8.0865, -3.93543)
height = 6.0

[node name="AreaTrigger2" parent="RestrictedAreas" node_paths=PackedStringArray("Area") instance=ExtResource("9_xaje7")]
transform = Transform3D(1, 0, 0, 0, 1, 0, 0, 0, 1, 127.922, 0, 90.5496)
ObjId = 20002
Area = NodePath("../PolygonVolume2")

[node name="PolygonVolume2" parent="RestrictedAreas" instance=ExtResource("2_jrr20")]
transform = Transform3D(1, 0, 0, 0, 1, 0, 0, 0, 1, 131.634, 132.896, 56.9628)
points = PackedVector2Array(-1.1777, -9.048, -8.33458, 3.72565, 1.22301, 9.07064, 8.28928, -3.74829)
height = 6.0

[node name="AreaTrigger3" parent="RestrictedAreas" node_paths=PackedStringArray("Area") instance=ExtResource("9_xaje7")]
transform = Transform3D(1, 0, 0, 0, 1, 0, 0, 0, 1, 127.922, 0, 90.5496)
ObjId = 20003
Area = NodePath("../PolygonVolume3")

[node name="PolygonVolume3" parent="RestrictedAreas" instance=ExtResource("2_jrr20")]
transform = Transform3D(1, 0, 0, 0, 1, 0, 0, 0, 1, 118.343, 136.955, 98.0714)
points = PackedVector2Array(-3.60592, -8.01756, -8.73082, 1.01705, 3.57951, 7.93831, 8.75723, -0.937803)
height = 6.0

[node name="AreaTrigger4" parent="RestrictedAreas" node_paths=PackedStringArray("Area") instance=ExtResource("9_xaje7")]
transform = Transform3D(1, 0, 0, 0, 1, 0, 0, 0, 1, 127.922, 0, 90.5496)
ObjId = 20004
Area = NodePath("../PolygonVolume4")

[node name="PolygonVolume4" parent="RestrictedAreas" instance=ExtResource("2_jrr20")]
transform = Transform3D(1, 0, 0, 0, 1, 0, 0, 0, 1, 124.862, 137.351, 71.462)
points = PackedVector2Array(-4.62298, -8.5591, -9.8007, 9.53674e-07, 4.62297, 8.45343, 9.80071, 0.105668)
height = 6.0

[node name="AreaTrigger6" parent="RestrictedAreas" node_paths=PackedStringArray("Area") instance=ExtResource("9_xaje7")]
transform = Transform3D(1, 0, 0, 0, 1, 0, 0, 0, 1, 127.922, 0, 90.5496)
ObjId = 20006
Area = NodePath("../PolygonVolume6")

[node name="PolygonVolume6" parent="RestrictedAreas" instance=ExtResource("2_jrr20")]
transform = Transform3D(1, 0, 0, 0, 1, 0, 0, 0, 1, 97.5962, 145.031, 107.351)
points = PackedVector2Array(-1.23883, -10.713, -10.0931, 3.07325, 1.07445, 10.6457, 10.2575, -3.00593)
height = 6.0

[node name="AreaTrigger7" parent="RestrictedAreas" node_paths=PackedStringArray("Area") instance=ExtResource("9_xaje7")]
transform = Transform3D(1, 0, 0, 0, 1, 0, 0, 0, 1, 127.922, 0, 90.5496)
ObjId = 20007
Area = NodePath("../PolygonVolume7")

[node name="PolygonVolume7" parent="RestrictedAreas" instance=ExtResource("2_jrr20")]
transform = Transform3D(1, 0, 0, 0, 1, 0, 0, 0, 1, 79.928, 137.049, 77.9084)
points = PackedVector2Array(-5.10349, -7.79899, -8.76937, 2.91114, 5.03161, 7.65524, 8.84126, -2.76739)
height = 8.0

[node name="AreaTrigger8" parent="RestrictedAreas" node_paths=PackedStringArray("Area") instance=ExtResource("9_xaje7")]
transform = Transform3D(1, 0, 0, 0, 1, 0, 0, 0, 1, 127.922, 0, 90.5496)
ObjId = 20008
Area = NodePath("../PolygonVolume8")

[node name="PolygonVolume8" parent="RestrictedAreas" instance=ExtResource("2_jrr20")]
transform = Transform3D(1, 0, 0, 0, 1, 0, 0, 0, 1, 59.5427, 140.969, 83.9571)
points = PackedVector2Array(-1.91834, -8.95136, -8.14655, 4.27555, 1.83908, 9.08345, 8.2258, -4.40763)
height = 6.0

[node name="AreaTrigger9" parent="RestrictedAreas" node_paths=PackedStringArray("Area") instance=ExtResource("9_xaje7")]
transform = Transform3D(1, 0, 0, 0, 1, 0, 0, 0, 1, 127.922, 0, 90.5496)
ObjId = 20009
Area = NodePath("../PolygonVolume9")

[node name="PolygonVolume9" parent="RestrictedAreas" instance=ExtResource("2_jrr20")]
transform = Transform3D(1, 0, 0, 0, 1, 0, 0, 0, 1, 131.401, 136.89, 104.52)
points = PackedVector2Array(-1.63068, -8.68563, -7.83632, 4.26921, 1.63067, 8.5271, 7.83633, -4.11068)
height = 6.0

[node name="AreaTrigger10" parent="RestrictedAreas" node_paths=PackedStringArray("Area") instance=ExtResource("9_xaje7")]
transform = Transform3D(1, 0, 0, 0, 1, 0, 0, 0, 1, 127.922, 0, 90.5496)
ObjId = 20010
Area = NodePath("../PolygonVolume10")

[node name="PolygonVolume10" parent="RestrictedAreas" instance=ExtResource("2_jrr20")]
transform = Transform3D(1, 0, 0, 0, 1, 0, 0, 0, 1, 176.649, 137.142, 93.1982)
points = PackedVector2Array(-0.893578, -8.96653, -8.10377, 3.85161, 0.955193, 8.96653, 8.04215, -3.8516)
height = 6.0

[node name="AreaTrigger11" parent="RestrictedAreas" node_paths=PackedStringArray("Area") instance=ExtResource("9_xaje7")]
transform = Transform3D(1, 0, 0, 0, 1, 0, 0, 0, 1, 127.922, 0, 90.5496)
ObjId = 20011
Area = NodePath("../PolygonVolume11")

[node name="PolygonVolume11" parent="RestrictedAreas" instance=ExtResource("2_jrr20")]
transform = Transform3D(1, 0, 0, 0, 1, 0, 0, 0, 1, 195.421, 134.711, 94.7913)
points = PackedVector2Array(-1.24271, -8.99021, -8.85429, -1.61164, 1.12621, 9.02905, 8.97079, 1.5728)
height = 6.0

[node name="AreaTrigger12" parent="RestrictedAreas" node_paths=PackedStringArray("Area") instance=ExtResource("9_xaje7")]
transform = Transform3D(1, 0, 0, 0, 1, 0, 0, 0, 1, 127.922, 0, 90.5496)
ObjId = 20012
Area = NodePath("../PolygonVolume12")

[node name="PolygonVolume12" parent="RestrictedAreas" instance=ExtResource("2_jrr20")]
transform = Transform3D(1, 0, 0, 0, 1, 0, 0, 0, 1, 84.6524, 144.071, 121.569)
points = PackedVector2Array(-1.768, -9.15371, -8.6119, 4.07781, 1.99613, 9.43888, 8.38377, -4.36298)
height = 6.0

[node name="AreaTrigger13" parent="RestrictedAreas" node_paths=PackedStringArray("Area") instance=ExtResource("9_xaje7")]
transform = Transform3D(1, 0, 0, 0, 1, 0, 0, 0, 1, 127.922, 0, 90.5496)
ObjId = 20013
Area = NodePath("../PolygonVolume13")

[node name="PolygonVolume13" parent="RestrictedAreas" instance=ExtResource("2_jrr20")]
transform = Transform3D(1, 0, 0, 0, 1, 0, 0, 0, 1, 115.953, 143.952, 121.836)
points = PackedVector2Array(-6.82413, -12.523, -13.3154, 10.73, -0.933029, 19.5021, 14.0101, 2.00857, 5.85966, -9.20037)
height = 15.0

[node name="AreaTrigger14" parent="RestrictedAreas" node_paths=PackedStringArray("Area") instance=ExtResource("9_xaje7")]
transform = Transform3D(1, 0, 0, 0, 1, 0, 0, 0, 1, 152.266, 0, 99.0506)
ObjId = 20014
Area = NodePath("../PolygonVolume14")

[node name="PolygonVolume14" parent="RestrictedAreas" instance=ExtResource("2_jrr20")]
transform = Transform3D(1, 0, 0, 0, 1, 0, 0, 0, 1, 146.088, 141.381, 131.982)
points = PackedVector2Array(-12.5787, 1.7403, -17.5446, 10.6506, -12.6997, 18.2882, -4.24258, 16.3743, 9.46553, 3.37283, 11.3477, -4.21703, 4.0388, -11.0954, -3.66643, -9.49913)
height = 13.0

[node name="BarrierStoneBlock_01_G" parent="." instance=ExtResource("20_r1aal")]
transform = Transform3D(0.213457, 0, -0.976953, 0, 1, 0, 0.976953, 0, 0.213457, 86.3168, 123.561, 16.6657)
