[gd_scene load_steps=21 format=3 uid="uid://dwvdwxjr1gyjg"]

[ext_resource type="PackedScene" path="res://objects/Gameplay/Common/HQ_PlayerSpawner.tscn" id="1_gmk3i"]
[ext_resource type="PackedScene" path="res://objects/entities/SpawnPoint.tscn" id="2_u43qc"]
[ext_resource type="PackedScene" path="res://objects/props/FlagPole_01_USA.tscn" id="3_mnci5"]
[ext_resource type="PackedScene" path="res://objects/Gameplay/Common/InteractPoint.tscn" id="4_04jrg"]
[ext_resource type="Script" uid="uid://3hvpbglts2bi" path="res://scripts/gameplay/common/WorldIcon.gd" id="5_rvutr"]
[ext_resource type="PackedScene" path="res://objects/Gameplay/Common/WorldIcon.tscn" id="6_aeqfl"]
[ext_resource type="PackedScene" uid="uid://jv31so3xcr7p" path="res://addons/bf_portal/portal_tools/types/PolygonVolume/PolygonVolume.tscn" id="7_hwtsa"]
[ext_resource type="PackedScene" path="res://objects/gameplay/common/VehicleSpawner.tscn" id="8_50jmv"]
[ext_resource type="PackedScene" path="res://objects/uncategorized/GMetroBus_01_Brooklyn.tscn" id="9_0drmf"]
[ext_resource type="PackedScene" path="res://objects/Gameplay/Common/CombatArea.tscn" id="10_nhfrk"]
[ext_resource type="PackedScene" path="res://objects/Gameplay/Common/DeployCam.tscn" id="11_hgrw2"]
[ext_resource type="PackedScene" path="res://static/MP_Dumbo_Terrain.tscn" id="12_7jwie"]
[ext_resource type="PackedScene" path="res://static/MP_Dumbo_Assets.tscn" id="13_7ac1i"]
[ext_resource type="PackedScene" path="res://objects/Gameplay/Conquest/CapturePoint.tscn" id="14_6pb0r"]
[ext_resource type="PackedScene" path="res://objects/Gameplay/Common/Sector.tscn" id="16_pbuo5"]
[ext_resource type="PackedScene" path="res://objects/props/BarrierStoneBlock_01_H.tscn" id="17_u43qc"]
[ext_resource type="PackedScene" path="res://objects/gameplay/common/AreaTrigger.tscn" id="17_xwtpl"]
[ext_resource type="PackedScene" path="res://objects/props/BarrierStoneBlock_01_F.tscn" id="18_mnci5"]
[ext_resource type="PackedScene" path="res://objects/props/BarrierStoneBlock_01_B.tscn" id="19_04jrg"]
[ext_resource type="PackedScene" path="res://objects/props/BarrierStoneBlock_01_A.tscn" id="20_rvutr"]

[node name="MP_Dumbo" type="Node3D"]

[node name="TEAM_1_HQ" parent="." node_paths=PackedStringArray("HQArea", "InfantrySpawns") instance=ExtResource("1_gmk3i")]
transform = Transform3D(1, 0, 0, 0, 1, 0, 0, 0, 1, -246.211, 52.6557, -372.057)
AltTeam = 0
ObjId = 1
HQArea = NodePath("HQ_Team1")
InfantrySpawns = [NodePath("SpawnPoint_1_1"), NodePath("SpawnPoint_1_2"), NodePath("SpawnPoint_1_3"), NodePath("SpawnPoint_1_4")]

[node name="SpawnPoint_1_1" parent="TEAM_1_HQ" instance=ExtResource("2_u43qc")]
transform = Transform3D(0.999884, 0, -0.0152535, 0, 1, 0, 0.0152535, 0, 0.999884, 6.78688, -0.0715103, -9.1026)

[node name="SpawnPoint_1_2" parent="TEAM_1_HQ" instance=ExtResource("2_u43qc")]
transform = Transform3D(-0.554597, 0, 0.832119, 0, 1, 0, -0.832119, 0, -0.554597, -6.60356, 0.368153, -2.30087)

[node name="SpawnPoint_1_3" parent="TEAM_1_HQ" instance=ExtResource("2_u43qc")]
transform = Transform3D(0.742678, 0, 0.669649, 0, 1, 0, -0.669649, 0, 0.742678, 0.994919, 0.202267, -14.2184)

[node name="SpawnPoint_1_4" parent="TEAM_1_HQ" instance=ExtResource("2_u43qc")]
transform = Transform3D(0.408904, 0, 0.912577, 0, 1, 0, -0.912577, 0, 0.408904, 3.58978, 0.102989, 3.01303)

[node name="InteractArea" parent="TEAM_1_HQ" instance=ExtResource("3_mnci5")]
transform = Transform3D(-4.37114e-08, 0, 1, 0, 1, 0, -1, 0, -4.37114e-08, 0, 0, 0)

[node name="InteractPointChangeTeam" parent="TEAM_1_HQ/InteractArea" instance=ExtResource("4_04jrg")]
transform = Transform3D(1, 0, 0, 0, 1, 0, 0, 0, 1, 3, 1, 0)
ObjId = 2001

[node name="WorldIcon" type="Node3D" parent="TEAM_1_HQ/InteractArea/InteractPointChangeTeam"]
script = ExtResource("5_rvutr")
ObjId = 5001
iconTextVisible = true
iconColor = [0.0, 1.0, 0.0]
iconImagePicker = 6
iconImageVisible = true
iconTeamOwnerId = 1

[node name="InteractPointReady" parent="TEAM_1_HQ/InteractArea" instance=ExtResource("4_04jrg")]
transform = Transform3D(1, 0, 0, 0, 1, 0, 0, 0, 1, -3, 1, 0)
ObjId = 2002

[node name="WorldIcon" type="Node3D" parent="TEAM_1_HQ/InteractArea/InteractPointReady"]
script = ExtResource("5_rvutr")
ObjId = 5002
iconTextVisible = true
iconColor = [0.0, 0.5, 1.0]
iconImagePicker = 7
iconImageVisible = true
iconTeamOwnerId = 1

[node name="InteractPointSpectate" parent="TEAM_1_HQ/InteractArea" instance=ExtResource("4_04jrg")]
transform = Transform3D(1, 0, 0, 0, 1, 0, 0, 0, 1, -7.15036, 1, -20.2018)
ObjId = 6001

[node name="WorldIcon" parent="TEAM_1_HQ/InteractArea" instance=ExtResource("6_aeqfl")]
transform = Transform3D(1, 0, 0, 0, 1, 0, 0, 0, 1, 0, 1, 0)
ObjId = 5011
iconTextVisible = true
iconColor = [0.0, 0.0, 1.0]
iconImagePicker = 7
iconTeamOwnerId = 1

[node name="HQ_Team1" parent="TEAM_1_HQ" instance=ExtResource("7_hwtsa")]
transform = Transform3D(1, 0, 0, 0, 1, 0, 0, 0, 1, 38.4722, 0, 21.429)
points = PackedVector2Array(50, 85, 50, -85, -50, -85, -50, 85)

[node name="IFVSpawner" parent="TEAM_1_HQ" instance=ExtResource("8_50jmv")]
transform = Transform3D(1, 0, 0, 0, 1, 0, 0, 0, 1, 4.06831, 0.232624, -10.5834)
ObjId = 701
VehicleType = 16
P_DefaultRespawnTime = 120

[node name="TransportSpawner" parent="TEAM_1_HQ" instance=ExtResource("8_50jmv")]
transform = Transform3D(-1, 0, -8.74228e-08, 0, 1, 0, 8.74228e-08, 0, -1, 4.07034, 0.3508, -22.4853)
ObjId = 703
VehicleType = 12
P_DefaultRespawnTime = 30
P_KeepAliveAbandonRadius = 10

[node name="TEAM_2_HQ" parent="." node_paths=PackedStringArray("HQArea", "InfantrySpawns") instance=ExtResource("1_gmk3i")]
transform = Transform3D(1, 0, 0, 0, 1, 0, 0, 0, 1, 139.069, 55.53, -369.278)
Team = 2
AltTeam = 0
ObjId = 2
HQArea = NodePath("HQ_Team2")
InfantrySpawns = [NodePath("SpawnPoint_2_1"), NodePath("SpawnPoint_2_2"), NodePath("SpawnPoint_2_3"), NodePath("SpawnPoint_2_4")]

[node name="SpawnPoint_2_1" parent="TEAM_2_HQ" instance=ExtResource("2_u43qc")]
transform = Transform3D(-0.861532, 0, -0.507703, 0, 1, 0, 0.507703, 0, -0.861532, -10.5351, 0.173546, -11.5745)

[node name="SpawnPoint_2_2" parent="TEAM_2_HQ" instance=ExtResource("2_u43qc")]
transform = Transform3D(0.986418, 0, -0.164256, 0, 1, 0, 0.164256, 0, 0.986418, -3.62985, -0.0899467, -4.99121)

[node name="SpawnPoint_2_3" parent="TEAM_2_HQ" instance=ExtResource("2_u43qc")]
transform = Transform3D(0.839278, 0, -0.543702, 0, 1, 0, 0.543702, 0, 0.839278, 3.42146, -0.327847, -25.8139)

[node name="SpawnPoint_2_4" parent="TEAM_2_HQ" instance=ExtResource("2_u43qc")]
transform = Transform3D(-0.648001, 0, -0.761639, 0, 1, 0, 0.761639, 0, -0.648001, -8.22052, 0.192039, 27.9785)

[node name="HQ_Team2" parent="TEAM_2_HQ" instance=ExtResource("7_hwtsa")]
transform = Transform3D(1, 0, 0, 0, 1, 0, 0, 0, 1, 2.161, 0, -16.798)
points = PackedVector2Array(5.86798, -30.4177, -63.8718, -32.1788, -60.3495, 118.924, 7.62909, 119.276)

[node name="InteractArea" parent="TEAM_2_HQ" instance=ExtResource("3_mnci5")]
transform = Transform3D(-4.37114e-08, 0, -1, 0, 1, 0, 1, 0, -4.37114e-08, 0, 0, 0)

[node name="InteractPointChangeTeam" parent="TEAM_2_HQ/InteractArea" instance=ExtResource("4_04jrg")]
transform = Transform3D(1, 0, 0, 0, 1, 0, 0, 0, 1, 3, 1, 0)
ObjId = 2003

[node name="WorldIcon" type="Node3D" parent="TEAM_2_HQ/InteractArea/InteractPointChangeTeam"]
script = ExtResource("5_rvutr")
ObjId = 5003
iconTextVisible = true
iconColor = [0.0, 1.0, 0.0]
iconImagePicker = 6
iconImageVisible = true
iconTeamOwnerId = 2

[node name="InteractPointReady" parent="TEAM_2_HQ/InteractArea" instance=ExtResource("4_04jrg")]
transform = Transform3D(1, 0, 0, 0, 1, 0, 0, 0, 1, -3, 1, 0)
ObjId = 2004

[node name="WorldIcon" type="Node3D" parent="TEAM_2_HQ/InteractArea/InteractPointReady"]
script = ExtResource("5_rvutr")
ObjId = 5004
iconTextVisible = true
iconColor = [0.0, 0.5, 1.0]
iconImagePicker = 7
iconImageVisible = true
iconTeamOwnerId = 2

[node name="WorldIcon" parent="TEAM_2_HQ/InteractArea" instance=ExtResource("6_aeqfl")]
transform = Transform3D(1, 0, 0, 0, 1, 0, 0, 0, 1, 0, 2, 0)
ObjId = 5012
iconTextVisible = true
iconColor = [0.0, 0.0, 1.0]
iconImagePicker = 7
iconTeamOwnerId = 2

[node name="IFVSpawner" parent="TEAM_2_HQ" instance=ExtResource("8_50jmv")]
transform = Transform3D(-1, 0, -8.74228e-08, 0, 1, 0, 8.74228e-08, 0, -1, -8.09645, 0.505051, -10.1305)
ObjId = 702
VehicleType = 3
P_DefaultRespawnTime = 120

[node name="GMetroBus_01_Brooklyn" parent="TEAM_2_HQ" instance=ExtResource("9_0drmf")]
transform = Transform3D(0.0792595, 0, -0.996854, 0, 1, 0, 0.996854, 0, 0.0792595, -47.2012, -1.56216, -34.3074)

[node name="TransportSpawner2" parent="TEAM_2_HQ" instance=ExtResource("8_50jmv")]
transform = Transform3D(1, 0, 0, 0, 1, 0, 0, 0, 1, -2.75401, 0.588516, 6.92157)
ObjId = 704
VehicleType = 8
P_DefaultRespawnTime = 30

[node name="CombatArea" parent="." node_paths=PackedStringArray("CombatVolume") instance=ExtResource("10_nhfrk")]
transform = Transform3D(1, 0, 0, 0, 1, 0, 0, 0, 1, -110.236, 0, -325.59)
CombatVolume = NodePath("CombatVolume")

[node name="CombatVolume" parent="CombatArea" instance=ExtResource("7_hwtsa")]
transform = Transform3D(1, 0, 0, 0, 1, 0, 0, 0, 1, 87.288, 100, 44.77)
points = PackedVector2Array(58.0396, -154.341, -137.795, -155.046, -137.795, 17.1903, 103.124, 13.6681, 100.306, -137.435, 57.6875, -137.435)

[node name="Camera3D" type="Camera3D" parent="."]
transform = Transform3D(1, 0, 0, 0, 0.101056, 0.994881, 0, -0.994881, 0.101056, 8.53552, 390.265, -286.689)

[node name="DeployCam" parent="Camera3D" instance=ExtResource("11_hgrw2")]
transform = Transform3D(1, 0, 0, 0, -4.37114e-08, 1, 0, -1, -4.37114e-08, 0, 0, 0)

[node name="Static" type="Node3D" parent="."]

[node name="MP_Dumbo_Terrain" parent="Static" instance=ExtResource("12_7jwie")]
metadata/_edit_lock_ = true

[node name="MP_Dumbo_Assets" parent="Static" instance=ExtResource("13_7ac1i")]
metadata/_edit_lock_ = true

[node name="CapturePointA" parent="." node_paths=PackedStringArray("CaptureArea", "InfantrySpawnPoints_Team1", "InfantrySpawnPoints_Team2") instance=ExtResource("14_6pb0r")]
transform = Transform3D(1, 0, 0, 0, 1, 0, 0, 0, 1, -146.846, 53.9692, -323.913)
ObjId = 201
CaptureArea = NodePath("CaptureArea")
InfantrySpawnPoints_Team1 = [NodePath("Team1/SpawnPoint"), NodePath("Team1/SpawnPoint2"), NodePath("Team1/SpawnPoint3"), NodePath("Team1/SpawnPoint4"), NodePath("Team1/SpawnPoint5")]
InfantrySpawnPoints_Team2 = [NodePath("Team2/SpawnPoint"), NodePath("Team2/SpawnPoint2"), NodePath("Team2/SpawnPoint3"), NodePath("Team2/SpawnPoint4"), NodePath("Team2/SpawnPoint5")]

[node name="CaptureArea" parent="CapturePointA" instance=ExtResource("7_hwtsa")]
transform = Transform3D(1, 0, 0, 0, 1, 0, 0, 0, 1, 5.80087, 0, -4.70407)
points = PackedVector2Array(-14.5, -15, -14.5, 15, 14.5, 15, 14.5, -15)
height = 6.0

[node name="Team1" type="Node3D" parent="CapturePointA"]

[node name="SpawnPoint" parent="CapturePointA/Team1" instance=ExtResource("2_u43qc")]
transform = Transform3D(-0.987601, 0, 0.156986, 0, 1, 0, -0.156986, 0, -0.987601, -60.231, 1.04865, 11.3734)

[node name="SpawnPoint2" parent="CapturePointA/Team1" instance=ExtResource("2_u43qc")]
transform = Transform3D(-0.982878, 0, 0.18426, 0, 1, 0, -0.18426, 0, -0.982878, -60.6903, -1.30885, -21.4628)

[node name="SpawnPoint3" parent="CapturePointA/Team1" instance=ExtResource("2_u43qc")]
transform = Transform3D(0.405301, 0, 0.914183, 0, 1, 0, -0.914183, 0, 0.405301, -52.3459, -1.32336, -38.9444)

[node name="SpawnPoint4" parent="CapturePointA/Team1" instance=ExtResource("2_u43qc")]
transform = Transform3D(0.0808947, 0, 0.996723, 0, 1, 0, -0.996723, 0, 0.0808947, -39.1163, 2.99311, 44.2106)

[node name="SpawnPoint5" parent="CapturePointA/Team1" instance=ExtResource("2_u43qc")]
transform = Transform3D(-0.511383, 0, 0.859353, 0, 1, 0, -0.859353, 0, -0.511383, -45.2231, 0.245003, -56.3314)

[node name="Team2" type="Node3D" parent="CapturePointA"]

[node name="SpawnPoint" parent="CapturePointA/Team2" instance=ExtResource("2_u43qc")]
transform = Transform3D(-0.935826, 0, -0.352462, 0, 1, 0, 0.352462, 0, -0.935826, 43.0371, 1.42652, 24.8783)

[node name="SpawnPoint2" parent="CapturePointA/Team2" instance=ExtResource("2_u43qc")]
transform = Transform3D(1, 0, 0, 0, 1, 0, 0, 0, 1, 30.2058, -0.730911, -47.0865)

[node name="SpawnPoint3" parent="CapturePointA/Team2" instance=ExtResource("2_u43qc")]
transform = Transform3D(0.638002, 0, 0.770035, 0, 1, 0, -0.770035, 0, 0.638002, 37.3315, 1.01458, -7.26703)

[node name="SpawnPoint4" parent="CapturePointA/Team2" instance=ExtResource("2_u43qc")]
transform = Transform3D(0.166304, 0, -0.986075, 0, 1, 0, 0.986075, 0, 0.166304, -7.96759, 3.93818, 54.0918)

[node name="SpawnPoint5" parent="CapturePointA/Team2" instance=ExtResource("2_u43qc")]
transform = Transform3D(-0.144944, 0, 0.98944, 0, 1, 0, -0.98944, 0, -0.144944, 20.0638, 4.20977, 50.3313)

[node name="CapturePointB" parent="." node_paths=PackedStringArray("CaptureArea", "InfantrySpawnPoints_Team1", "InfantrySpawnPoints_Team2") instance=ExtResource("14_6pb0r")]
transform = Transform3D(1, 0, 0, 0, 1, 0, 0, 0, 1, -38.0657, 54.5514, -343.89)
ObjId = 202
CaptureArea = NodePath("CaptureArea")
InfantrySpawnPoints_Team1 = [NodePath("Team1/SpawnPoint"), NodePath("Team1/SpawnPoint2"), NodePath("Team1/SpawnPoint3"), NodePath("Team1/SpawnPoint4"), NodePath("Team1/SpawnPoint5")]
InfantrySpawnPoints_Team2 = [NodePath("Team2/SpawnPoint"), NodePath("Team2/SpawnPoint2"), NodePath("Team2/SpawnPoint3"), NodePath("Team2/SpawnPoint4"), NodePath("Team2/SpawnPoint5")]

[node name="CaptureArea" parent="CapturePointB" instance=ExtResource("7_hwtsa")]
transform = Transform3D(1, 0, 0, 0, 1, 0, 0, 0, 1, -2.3123, -0.440353, -0.0715637)
points = PackedVector2Array(-7.48752, -11.6682, 6.3288, 20.8306, 21.1879, 20.2223, 21.7092, -11.4075)
height = 5.0

[node name="Team1" type="Node3D" parent="CapturePointB"]

[node name="SpawnPoint" parent="CapturePointB/Team1" instance=ExtResource("2_u43qc")]
transform = Transform3D(-0.834021, 0, -0.551733, 0, 1, 0, 0.551733, 0, -0.834021, -37.1797, 0.142063, -8.22372)

[node name="SpawnPoint2" parent="CapturePointB/Team1" instance=ExtResource("2_u43qc")]
transform = Transform3D(-0.608873, 0, 0.793269, 0, 1, 0, -0.793269, 0, -0.608873, -39.8012, 0.398735, 19.7149)

[node name="SpawnPoint3" parent="CapturePointB/Team1" instance=ExtResource("2_u43qc")]
transform = Transform3D(0.226651, 0, 0.973976, 0, 1, 0, -0.973976, 0, 0.226651, -45.0459, -0.29034, -44.5232)

[node name="SpawnPoint4" parent="CapturePointB/Team1" instance=ExtResource("2_u43qc")]
transform = Transform3D(0.998057, 0, -0.0623023, 0, 1, 0, 0.0623023, 0, 0.998057, -35.0881, -0.863243, -68.9523)

[node name="SpawnPoint5" parent="CapturePointB/Team1" instance=ExtResource("2_u43qc")]
transform = Transform3D(-0.330498, 0, 0.943807, 0, 1, 0, -0.943807, 0, -0.330498, -42.0469, 0.490654, 34.3875)

[node name="Team2" type="Node3D" parent="CapturePointB"]

[node name="SpawnPoint" parent="CapturePointB/Team2" instance=ExtResource("2_u43qc")]
transform = Transform3D(-0.88406, 0, -0.467374, 0, 1, 0, 0.467374, 0, -0.88406, 65.6445, 1.0404, 6.14041)

[node name="SpawnPoint2" parent="CapturePointB/Team2" instance=ExtResource("2_u43qc")]
transform = Transform3D(0.921477, 0, 0.388432, 0, 1, 0, -0.388432, 0, 0.921477, 43.3566, 0.00127411, -44.1681)

[node name="SpawnPoint3" parent="CapturePointB/Team2" instance=ExtResource("2_u43qc")]
transform = Transform3D(0.401916, 0, -0.915677, 0, 1, 0, 0.915677, 0, 0.401916, 42.8663, -0.450413, -68.3409)

[node name="SpawnPoint4" parent="CapturePointB/Team2" instance=ExtResource("2_u43qc")]
transform = Transform3D(-0.863139, 0, 0.504964, 0, 1, 0, -0.504964, 0, -0.863139, 69.8511, 1.10779, 15.7869)

[node name="SpawnPoint5" parent="CapturePointB/Team2" instance=ExtResource("2_u43qc")]
transform = Transform3D(0.623211, 0, -0.782054, 0, 1, 0, 0.782054, 0, 0.623211, 65.0942, 0.442486, -21.7295)

[node name="CapturePointC" parent="." node_paths=PackedStringArray("CaptureArea", "InfantrySpawnPoints_Team1", "InfantrySpawnPoints_Team2") instance=ExtResource("14_6pb0r")]
transform = Transform3D(1, 0, 0, 0, 1, 0, 0, 0, 1, 24.3952, 59.3403, -382.044)
ObjId = 203
CaptureArea = NodePath("CaptureArea")
InfantrySpawnPoints_Team1 = [NodePath("Team1/SpawnPoint"), NodePath("Team1/SpawnPoint2"), NodePath("Team1/SpawnPoint3"), NodePath("Team1/SpawnPoint4"), NodePath("Team1/SpawnPoint5")]
InfantrySpawnPoints_Team2 = [NodePath("Team2/SpawnPoint"), NodePath("Team2/SpawnPoint2"), NodePath("Team2/SpawnPoint3"), NodePath("Team2/SpawnPoint4"), NodePath("Team2/SpawnPoint5")]

[node name="CaptureArea" parent="CapturePointC" instance=ExtResource("7_hwtsa")]
transform = Transform3D(1, 0, 0, 0, 1, 0, 0, 0, 1, -3.0612, -0.384842, -3.2509)
points = PackedVector2Array(14.6883, 13.7488, -14.9856, 13.6887, -15.031, -13.8521, 15.3282, -13.5854)
height = 5.0

[node name="Team1" type="Node3D" parent="CapturePointC"]

[node name="SpawnPoint" parent="CapturePointC/Team1" instance=ExtResource("2_u43qc")]
transform = Transform3D(0.407215, 0, 0.913332, 0, 1, 0, -0.913332, 0, 0.407215, -44.7353, 1.00957, 22.8191)

[node name="SpawnPoint2" parent="CapturePointC/Team1" instance=ExtResource("2_u43qc")]
transform = Transform3D(0.236838, 0, 0.971549, 0, 1, 0, -0.971549, 0, 0.236838, -46.1104, 1.86616, 42.7715)

[node name="SpawnPoint3" parent="CapturePointC/Team1" instance=ExtResource("2_u43qc")]
transform = Transform3D(-0.918757, 0, -0.394824, 0, 1, 0, 0.394824, 0, -0.918757, -41.0257, 2.01428, 63.9838)

[node name="SpawnPoint4" parent="CapturePointC/Team1" instance=ExtResource("2_u43qc")]
transform = Transform3D(-0.398285, 0, -0.917262, 0, 1, 0, 0.917262, 0, -0.398285, -9.41522, 2.48046, 58.7357)

[node name="SpawnPoint5" parent="CapturePointC/Team1" instance=ExtResource("2_u43qc")]
transform = Transform3D(1, 0, 0, 0, 1, 0, 0, 0, 1, -54.7765, 1.17891, 27.3574)

[node name="Team2" type="Node3D" parent="CapturePointC"]

[node name="SpawnPoint" parent="CapturePointC/Team2" instance=ExtResource("2_u43qc")]
transform = Transform3D(-0.855545, 0, 0.517729, 0, 1, 0, -0.517729, 0, -0.855545, 43.2773, -1.28448, -39.6905)

[node name="SpawnPoint2" parent="CapturePointC/Team2" instance=ExtResource("2_u43qc")]
transform = Transform3D(0.952523, 0, 0.304465, 0, 1, 0, -0.304465, 0, 0.952523, 42.3751, 2.51229, 33.2502)

[node name="SpawnPoint3" parent="CapturePointC/Team2" instance=ExtResource("2_u43qc")]
transform = Transform3D(-0.675642, 0, -0.73723, 0, 1, 0, 0.73723, 0, -0.675642, 28.4293, -1.86967, -48.2796)

[node name="SpawnPoint4" parent="CapturePointC/Team2" instance=ExtResource("2_u43qc")]
transform = Transform3D(0.849211, 0, -0.528053, 0, 1, 0, 0.528053, 0, 0.849211, 8.68923, -2.37434, -67.4138)

[node name="SpawnPoint5" parent="CapturePointC/Team2" instance=ExtResource("2_u43qc")]
transform = Transform3D(0.949732, 0, 0.313064, 0, 1, 0, -0.313064, 0, 0.949732, 45.2156, -1.8897, -68.276)

[node name="Sector" parent="." node_paths=PackedStringArray("SectorArea", "CapturePoints") instance=ExtResource("16_pbuo5")]
SectorArea = NodePath("../CombatArea/CombatVolume")
CapturePoints = [NodePath("../CapturePointA"), NodePath("../CapturePointB"), NodePath("../CapturePointC")]

[node name="Sector2" parent="." node_paths=PackedStringArray("SectorArea") instance=ExtResource("16_pbuo5")]
SectorArea = NodePath("../TEAM_1_HQ/HQ_Team1")

[node name="Sector3" parent="." node_paths=PackedStringArray("SectorArea") instance=ExtResource("16_pbuo5")]
SectorArea = NodePath("../TEAM_2_HQ/HQ_Team2")

[node name="AreaTrigger" parent="." node_paths=PackedStringArray("Area") instance=ExtResource("17_xwtpl")]
ObjId = 7001
Area = NodePath("../TEAM_1_HQ/HQ_Team1")

[node name="AreaTrigger2" parent="." node_paths=PackedStringArray("Area") instance=ExtResource("17_xwtpl")]
ObjId = 7002
Area = NodePath("../TEAM_2_HQ/HQ_Team2")

[node name="AreaTrigger3" parent="." node_paths=PackedStringArray("Area") instance=ExtResource("17_xwtpl")]
ObjId = 20001
Area = NodePath("../PolygonVolume")

[node name="PolygonVolume" parent="." instance=ExtResource("7_hwtsa")]
transform = Transform3D(1, 0, 0, 0, 1, 0, 0, 0, 1, 61.1515, 61.3521, -378.172)
points = PackedVector2Array(-29.9986, -20.0575, -29.8816, 20.2914, 29.7647, 19.9406, 30.1155, -20.1745)
height = 12.0

[node name="Assets" type="Node3D" parent="."]

[node name="BarrierStoneBlock_01_H" parent="Assets" instance=ExtResource("17_u43qc")]
transform = Transform3D(1, 0, 0, 0, 1, 0, 0, 0, 1, -155.358, 53.8722, -341.538)

[node name="BarrierStoneBlock_01_H51" parent="Assets" instance=ExtResource("17_u43qc")]
transform = Transform3D(1, 0, 0, 0, 1, 0, 0, 0, 1, -159.671, 53.8722, -361.612)

[node name="BarrierStoneBlock_01_H52" parent="Assets" instance=ExtResource("17_u43qc")]
transform = Transform3D(1, 0, 0, 0, 1, 0, 0, 0, 1, -159.671, 53.8722, -368.179)

[node name="BarrierStoneBlock_01_H53" parent="Assets" instance=ExtResource("17_u43qc")]
transform = Transform3D(1, 0, 0, 0, 1, 0, 0, 0, 1, -137.143, 53.8722, -365.713)

[node name="BarrierStoneBlock_01_H54" parent="Assets" instance=ExtResource("17_u43qc")]
transform = Transform3D(1, 0, 0, 0, 1, 0, 0, 0, 1, -137.143, 53.8722, -361.145)

[node name="BarrierStoneBlock_01_H41" parent="Assets" instance=ExtResource("17_u43qc")]
transform = Transform3D(1, 0, 0, 0, 1, 0, 0, 0, 1, -137.673, 55.5603, -341.25)

[node name="BarrierStoneBlock_01_H42" parent="Assets" instance=ExtResource("17_u43qc")]
transform = Transform3D(1, 0, 0, 0, 1, 0, 0, 0, 1, -137.673, 55.5603, -335.78)

[node name="BarrierStoneBlock_01_H43" parent="Assets" instance=ExtResource("17_u43qc")]
transform = Transform3D(1, 0, 0, 0, 1, 0, 0, 0, 1, -137.673, 55.5603, -325.699)

[node name="BarrierStoneBlock_01_H44" parent="Assets" instance=ExtResource("17_u43qc")]
transform = Transform3D(1, 0, 0, 0, 1, 0, 0, 0, 1, -137.673, 55.5603, -320.583)

[node name="BarrierStoneBlock_01_H45" parent="Assets" instance=ExtResource("17_u43qc")]
transform = Transform3D(1, 0, 0, 0, 1, 0, 0, 0, 1, -137.673, 55.5603, -315.415)

[node name="BarrierStoneBlock_01_H2" parent="Assets" instance=ExtResource("17_u43qc")]
transform = Transform3D(1, 0, 0, 0, 1, 0, 0, 0, 1, -155.358, 57.6103, -341.538)

[node name="BarrierStoneBlock_01_H25" parent="Assets" instance=ExtResource("17_u43qc")]
transform = Transform3D(-0.00427606, 0, 0.999991, 0, 1, 0, -0.999991, 0, -0.00427606, -161.877, 53.8722, -347.655)

[node name="BarrierStoneBlock_01_H55" parent="Assets" instance=ExtResource("17_u43qc")]
transform = Transform3D(-0.00427606, 0, 0.999991, 0, 1, 0, -0.999991, 0, -0.00427606, -134.88, 53.8722, -359.2)

[node name="BarrierStoneBlock_01_H56" parent="Assets" instance=ExtResource("17_u43qc")]
transform = Transform3D(-0.00427606, 0, 0.999991, 0, 1, 0, -0.999991, 0, -0.00427606, -129.517, 53.8722, -359.2)

[node name="BarrierStoneBlock_01_H57" parent="Assets" instance=ExtResource("17_u43qc")]
transform = Transform3D(-0.00427606, 0, 0.999991, 0, 1, 0, -0.999991, 0, -0.00427606, -126.824, 53.8722, -359.2)

[node name="BarrierStoneBlock_01_H46" parent="Assets" instance=ExtResource("17_u43qc")]
transform = Transform3D(-0.00427606, 0, 0.999991, 0, 1, 0, -0.999991, 0, -0.00427606, -134.616, 55.4267, -343.984)

[node name="BarrierStoneBlock_01_H47" parent="Assets" instance=ExtResource("17_u43qc")]
transform = Transform3D(-0.00427606, 0, 0.999991, 0, 1, 0, -0.999991, 0, -0.00427606, -124.352, 55.4267, -343.984)

[node name="BarrierStoneBlock_01_H48" parent="Assets" instance=ExtResource("17_u43qc")]
transform = Transform3D(-0.00427606, 0, 0.999991, 0, 1, 0, -0.999991, 0, -0.00427606, -118.685, 55.4267, -343.984)

[node name="BarrierStoneBlock_01_H26" parent="Assets" instance=ExtResource("17_u43qc")]
transform = Transform3D(-0.00427606, 0, 0.999991, 0, 1, 0, -0.999991, 0, -0.00427606, -161.877, 57.6103, -347.655)

[node name="BarrierStoneBlock_01_H59" parent="Assets" instance=ExtResource("17_u43qc")]
transform = Transform3D(-0.00427606, 0, 0.999991, 0, 1, 0, -0.999991, 0, -0.00427606, -135.879, 59.0177, -347.057)

[node name="BarrierStoneBlock_01_H60" parent="Assets" instance=ExtResource("17_u43qc")]
transform = Transform3D(-0.00427606, 0, 0.999991, 0, 1, 0, -0.999991, 0, -0.00427606, -130.462, 59.0177, -347.057)

[node name="BarrierStoneBlock_01_H61" parent="Assets" instance=ExtResource("17_u43qc")]
transform = Transform3D(-0.00427606, 0, 0.999991, 0, 1, 0, -0.999991, 0, -0.00427606, -125.228, 59.0177, -347.057)

[node name="BarrierStoneBlock_01_H62" parent="Assets" instance=ExtResource("17_u43qc")]
transform = Transform3D(-0.00427606, 0, 0.999991, 0, 1, 0, -0.999991, 0, -0.00427606, -119.812, 59.0177, -347.057)

[node name="BarrierStoneBlock_01_H63" parent="Assets" instance=ExtResource("17_u43qc")]
transform = Transform3D(-0.00427606, 0, 0.999991, 0, 1, 0, -0.999991, 0, -0.00427606, -114.592, 59.0177, -347.057)

[node name="BarrierStoneBlock_01_H64" parent="Assets" instance=ExtResource("17_u43qc")]
transform = Transform3D(-0.00427606, 0, 0.999991, 0, 1, 0, -0.999991, 0, -0.00427606, -109.176, 59.0177, -347.057)

[node name="BarrierStoneBlock_01_H65" parent="Assets" instance=ExtResource("17_u43qc")]
transform = Transform3D(-0.00427606, 0, 0.999991, 0, 1, 0, -0.999991, 0, -0.00427606, -103.969, 59.0177, -347.057)

[node name="BarrierStoneBlock_01_H66" parent="Assets" instance=ExtResource("17_u43qc")]
transform = Transform3D(-0.00427606, 0, 0.999991, 0, 1, 0, -0.999991, 0, -0.00427606, -98.5527, 59.0177, -347.057)

[node name="BarrierStoneBlock_01_H67" parent="Assets" instance=ExtResource("17_u43qc")]
transform = Transform3D(-0.00427606, 0, 0.999991, 0, 1, 0, -0.999991, 0, -0.00427606, -94.6197, 59.0177, -347.057)

[node name="BarrierStoneBlock_01_H68" parent="Assets" instance=ExtResource("17_u43qc")]
transform = Transform3D(0.999491, 0, -0.0319166, 0, 1, 0, 0.0319166, 0, 0.999491, -92.8032, 59.0177, -343.776)

[node name="BarrierStoneBlock_01_H69" parent="Assets" instance=ExtResource("17_u43qc")]
transform = Transform3D(0.999491, 0, -0.0319166, 0, 1, 0, 0.0319166, 0, 0.999491, -92.8032, 59.0177, -338.582)

[node name="BarrierStoneBlock_01_H70" parent="Assets" instance=ExtResource("17_u43qc")]
transform = Transform3D(0.999491, 0, -0.0319166, 0, 1, 0, 0.0319166, 0, 0.999491, -92.8032, 59.0177, -333.411)

[node name="BarrierStoneBlock_01_H71" parent="Assets" instance=ExtResource("17_u43qc")]
transform = Transform3D(0.999491, 0, -0.0319166, 0, 1, 0, 0.0319166, 0, 0.999491, -92.8032, 59.0177, -330.308)

[node name="BarrierStoneBlock_01_H27" parent="Assets" instance=ExtResource("17_u43qc")]
transform = Transform3D(-0.00427606, 0, 0.999991, 0, 1, 0, -0.999991, 0, -0.00427606, -167.07, 53.8722, -347.655)

[node name="BarrierStoneBlock_01_H49" parent="Assets" instance=ExtResource("17_u43qc")]
transform = Transform3D(-0.00427606, 0, 0.999991, 0, 1, 0, -0.999991, 0, -0.00427606, -165.788, 53.8722, -359.307)

[node name="BarrierStoneBlock_01_H50" parent="Assets" instance=ExtResource("17_u43qc")]
transform = Transform3D(-0.00427606, 0, 0.999991, 0, 1, 0, -0.999991, 0, -0.00427606, -161.682, 53.8722, -359.326)

[node name="BarrierStoneBlock_01_H28" parent="Assets" instance=ExtResource("17_u43qc")]
transform = Transform3D(-0.00427606, 0, 0.999991, 0, 1, 0, -0.999991, 0, -0.00427606, -167.07, 57.6103, -347.655)

[node name="BarrierStoneBlock_01_H29" parent="Assets" instance=ExtResource("17_u43qc")]
transform = Transform3D(-0.00427606, 0, 0.999991, 0, 1, 0, -0.999991, 0, -0.00427606, -172.276, 53.8722, -347.655)

[node name="BarrierStoneBlock_01_H30" parent="Assets" instance=ExtResource("17_u43qc")]
transform = Transform3D(-0.00427606, 0, 0.999991, 0, 1, 0, -0.999991, 0, -0.00427606, -172.276, 57.6103, -347.655)

[node name="BarrierStoneBlock_01_H31" parent="Assets" instance=ExtResource("17_u43qc")]
transform = Transform3D(-0.00427606, 0, 0.999991, 0, 1, 0, -0.999991, 0, -0.00427606, -177.429, 53.8722, -347.655)

[node name="BarrierStoneBlock_01_H32" parent="Assets" instance=ExtResource("17_u43qc")]
transform = Transform3D(-0.00427606, 0, 0.999991, 0, 1, 0, -0.999991, 0, -0.00427606, -177.429, 57.6103, -347.655)

[node name="BarrierStoneBlock_01_H33" parent="Assets" instance=ExtResource("17_u43qc")]
transform = Transform3D(-0.00427606, 0, 0.999991, 0, 1, 0, -0.999991, 0, -0.00427606, -182.622, 53.8722, -347.655)

[node name="BarrierStoneBlock_01_H34" parent="Assets" instance=ExtResource("17_u43qc")]
transform = Transform3D(-0.00427606, 0, 0.999991, 0, 1, 0, -0.999991, 0, -0.00427606, -182.622, 57.6103, -347.655)

[node name="BarrierStoneBlock_01_H35" parent="Assets" instance=ExtResource("17_u43qc")]
transform = Transform3D(-0.00427606, 0, 0.999991, 0, 1, 0, -0.999991, 0, -0.00427606, -187.827, 53.8722, -347.655)

[node name="BarrierStoneBlock_01_H36" parent="Assets" instance=ExtResource("17_u43qc")]
transform = Transform3D(-0.00427606, 0, 0.999991, 0, 1, 0, -0.999991, 0, -0.00427606, -187.827, 57.6103, -347.655)

[node name="BarrierStoneBlock_01_H37" parent="Assets" instance=ExtResource("17_u43qc")]
transform = Transform3D(-0.00427606, 0, 0.999991, 0, 1, 0, -0.999991, 0, -0.00427606, -192.985, 53.8722, -347.655)

[node name="BarrierStoneBlock_01_H38" parent="Assets" instance=ExtResource("17_u43qc")]
transform = Transform3D(-0.00427606, 0, 0.999991, 0, 1, 0, -0.999991, 0, -0.00427606, -192.985, 57.6103, -347.655)

[node name="BarrierStoneBlock_01_H39" parent="Assets" instance=ExtResource("17_u43qc")]
transform = Transform3D(-0.00427606, 0, 0.999991, 0, 1, 0, -0.999991, 0, -0.00427606, -198.121, 53.8722, -347.655)

[node name="BarrierStoneBlock_01_H40" parent="Assets" instance=ExtResource("17_u43qc")]
transform = Transform3D(-0.00427606, 0, 0.999991, 0, 1, 0, -0.999991, 0, -0.00427606, -198.121, 57.6103, -347.655)

[node name="BarrierStoneBlock_01_H23" parent="Assets" instance=ExtResource("17_u43qc")]
transform = Transform3D(0.751713, 0, 0.65949, 0, 1, 0, -0.65949, 0, 0.751713, -157.458, 53.8722, -345.797)

[node name="BarrierStoneBlock_01_H24" parent="Assets" instance=ExtResource("17_u43qc")]
transform = Transform3D(0.751713, 0, 0.65949, 0, 1, 0, -0.65949, 0, 0.751713, -157.458, 57.6103, -345.797)

[node name="BarrierStoneBlock_01_H3" parent="Assets" instance=ExtResource("17_u43qc")]
transform = Transform3D(1, 0, 0, 0, 1, 0, 0, 0, 1, -155.358, 53.8722, -336.343)

[node name="BarrierStoneBlock_01_H4" parent="Assets" instance=ExtResource("17_u43qc")]
transform = Transform3D(1, 0, 0, 0, 1, 0, 0, 0, 1, -155.358, 57.6103, -336.343)

[node name="BarrierStoneBlock_01_H5" parent="Assets" instance=ExtResource("17_u43qc")]
transform = Transform3D(1, 0, 0, 0, 1, 0, 0, 0, 1, -155.358, 53.8722, -331.176)

[node name="BarrierStoneBlock_01_H6" parent="Assets" instance=ExtResource("17_u43qc")]
transform = Transform3D(1, 0, 0, 0, 1, 0, 0, 0, 1, -155.358, 57.6103, -331.176)

[node name="BarrierStoneBlock_01_H7" parent="Assets" instance=ExtResource("17_u43qc")]
transform = Transform3D(1, 0, 0, 0, 1, 0, 0, 0, 1, -155.358, 53.1914, -325.998)

[node name="BarrierStoneBlock_01_H8" parent="Assets" instance=ExtResource("17_u43qc")]
transform = Transform3D(1, 0, 0, 0, 1, 0, 0, 0, 1, -155.358, 57.6103, -325.998)

[node name="BarrierStoneBlock_01_H9" parent="Assets" instance=ExtResource("17_u43qc")]
transform = Transform3D(1, 0, 0, 0, 1, 0, 0, 0, 1, -155.358, 53.8722, -320.83)

[node name="BarrierStoneBlock_01_H10" parent="Assets" instance=ExtResource("17_u43qc")]
transform = Transform3D(1, 0, 0, 0, 1, 0, 0, 0, 1, -155.358, 57.6103, -320.83)

[node name="BarrierStoneBlock_01_H11" parent="Assets" instance=ExtResource("17_u43qc")]
transform = Transform3D(1, 0, 0, 0, 1, 0, 0, 0, 1, -155.358, 53.8722, -315.636)

[node name="BarrierStoneBlock_01_H12" parent="Assets" instance=ExtResource("17_u43qc")]
transform = Transform3D(1, 0, 0, 0, 1, 0, 0, 0, 1, -155.358, 57.6103, -315.636)

[node name="BarrierStoneBlock_01_H13" parent="Assets" instance=ExtResource("17_u43qc")]
transform = Transform3D(1, 0, 0, 0, 1, 0, 0, 0, 1, -155.358, 53.8722, -310.469)

[node name="BarrierStoneBlock_01_H14" parent="Assets" instance=ExtResource("17_u43qc")]
transform = Transform3D(1, 0, 0, 0, 1, 0, 0, 0, 1, -155.358, 57.6103, -310.469)

[node name="BarrierStoneBlock_01_H15" parent="Assets" instance=ExtResource("17_u43qc")]
transform = Transform3D(1, 0, 0, 0, 1, 0, 0, 0, 1, -155.358, 53.8722, -305.291)

[node name="BarrierStoneBlock_01_H16" parent="Assets" instance=ExtResource("17_u43qc")]
transform = Transform3D(1, 0, 0, 0, 1, 0, 0, 0, 1, -155.358, 57.6103, -305.291)

[node name="BarrierStoneBlock_01_H17" parent="Assets" instance=ExtResource("17_u43qc")]
transform = Transform3D(1, 0, 0, 0, 1, 0, 0, 0, 1, -155.358, 53.8722, -300.092)

[node name="BarrierStoneBlock_01_H18" parent="Assets" instance=ExtResource("17_u43qc")]
transform = Transform3D(1, 0, 0, 0, 1, 0, 0, 0, 1, -155.358, 57.6103, -300.092)

[node name="BarrierStoneBlock_01_H19" parent="Assets" instance=ExtResource("17_u43qc")]
transform = Transform3D(1, 0, 0, 0, 1, 0, 0, 0, 1, -155.358, 53.8722, -294.897)

[node name="BarrierStoneBlock_01_H20" parent="Assets" instance=ExtResource("17_u43qc")]
transform = Transform3D(1, 0, 0, 0, 1, 0, 0, 0, 1, -155.358, 57.6103, -294.897)

[node name="BarrierStoneBlock_01_H21" parent="Assets" instance=ExtResource("17_u43qc")]
transform = Transform3D(1, 0, 0, 0, 1, 0, 0, 0, 1, -155.358, 53.8722, -289.73)

[node name="BarrierStoneBlock_01_H22" parent="Assets" instance=ExtResource("17_u43qc")]
transform = Transform3D(1, 0, 0, 0, 1, 0, 0, 0, 1, -155.358, 57.6103, -289.73)

[node name="BarrierStoneBlock_01_F" parent="Assets" instance=ExtResource("18_mnci5")]
transform = Transform3D(1, 0, 0, 0, 1, 0, 0, 0, 1, -200.114, 53.5311, -345.7)

[node name="BarrierStoneBlock_01_F2" parent="Assets" instance=ExtResource("18_mnci5")]
transform = Transform3D(1, 0, 0, 0, 1, 0, 0, 0, 1, -200.114, 57.058, -345.7)

[node name="BarrierStoneBlock_01_F3" parent="Assets" instance=ExtResource("18_mnci5")]
transform = Transform3D(-0.0051836, 0, 0.999987, 0, 1, 0, -0.999987, 0, -0.0051836, -157.193, 54.534, -287.626)

[node name="BarrierStoneBlock_01_F4" parent="Assets" instance=ExtResource("18_mnci5")]
transform = Transform3D(-0.0051836, 0, 0.999987, 0, 1, 0, -0.999987, 0, -0.0051836, -157.193, 57.8861, -287.626)

[node name="BarrierStoneBlock_01_F5" parent="Assets" instance=ExtResource("18_mnci5")]
transform = Transform3D(1, 0, 0, 0, 1, 0, 0, 0, 1, -137.859, 58.9322, -346.084)

[node name="BarrierStoneBlock_01_F6" parent="Assets" instance=ExtResource("18_mnci5")]
transform = Transform3D(-0.000122114, 1, 0, -1, -0.000122114, 0, 0, 0, 1, -137.859, 59.6898, -346.084)

[node name="BarrierStoneBlock_01_F7" parent="Assets" instance=ExtResource("18_mnci5")]
transform = Transform3D(-0.000122114, 1, 0, -1, -0.000122114, 0, 0, 0, 1, -134.212, 59.6898, -346.084)

[node name="BarrierStoneBlock_01_F8" parent="Assets" instance=ExtResource("18_mnci5")]
transform = Transform3D(-0.000122114, 1, 0, -1, -0.000122114, 0, 0, 0, 1, -130.677, 59.6898, -346.084)

[node name="BarrierStoneBlock_01_F9" parent="Assets" instance=ExtResource("18_mnci5")]
transform = Transform3D(-0.000122114, 1, 0, -1, -0.000122114, 0, 0, 0, 1, -127.379, 59.6898, -346.084)

[node name="BarrierStoneBlock_01_F10" parent="Assets" instance=ExtResource("18_mnci5")]
transform = Transform3D(-0.000122114, 1, 0, -1, -0.000122114, 0, 0, 0, 1, -123.929, 59.6898, -346.084)

[node name="BarrierStoneBlock_01_F11" parent="Assets" instance=ExtResource("18_mnci5")]
transform = Transform3D(-0.000122114, 1, 0, -1, -0.000122114, 0, 0, 0, 1, -120.461, 59.6898, -346.084)

[node name="BarrierStoneBlock_01_F12" parent="Assets" instance=ExtResource("18_mnci5")]
transform = Transform3D(-0.000122114, 1, 0, -1, -0.000122114, 0, 0, 0, 1, -117.015, 59.6898, -346.084)

[node name="BarrierStoneBlock_01_F13" parent="Assets" instance=ExtResource("18_mnci5")]
transform = Transform3D(-0.000122114, 1, 0, -1, -0.000122114, 0, 0, 0, 1, -113.465, 59.6898, -346.084)

[node name="BarrierStoneBlock_01_F14" parent="Assets" instance=ExtResource("18_mnci5")]
transform = Transform3D(-0.000122114, 1, 0, -1, -0.000122114, 0, 0, 0, 1, -109.89, 59.6898, -346.084)

[node name="BarrierStoneBlock_01_F15" parent="Assets" instance=ExtResource("18_mnci5")]
transform = Transform3D(-0.000122114, 1, 0, -1, -0.000122114, 0, 0, 0, 1, -106.314, 59.6898, -346.084)

[node name="BarrierStoneBlock_01_F16" parent="Assets" instance=ExtResource("18_mnci5")]
transform = Transform3D(-0.000122114, 1, 0, -1, -0.000122114, 0, 0, 0, 1, -102.713, 59.6898, -346.084)

[node name="BarrierStoneBlock_01_F17" parent="Assets" instance=ExtResource("18_mnci5")]
transform = Transform3D(-0.000122114, 1, 0, -1, -0.000122114, 0, 0, 0, 1, -99.1121, 59.6898, -346.084)

[node name="BarrierStoneBlock_01_F18" parent="Assets" instance=ExtResource("18_mnci5")]
transform = Transform3D(-0.000122114, 1, 0, -1, -0.000122114, 0, 0, 0, 1, -95.9739, 59.6898, -346.084)

[node name="BarrierStoneBlock_01_F19" parent="Assets" instance=ExtResource("18_mnci5")]
transform = Transform3D(-8.73822e-07, 0.00715579, -0.999974, -1, -0.000122114, 0, -0.000122111, 0.999974, 0.00715579, -93.9675, 59.6898, -344.9)

[node name="BarrierStoneBlock_01_F20" parent="Assets" instance=ExtResource("18_mnci5")]
transform = Transform3D(-8.73822e-07, 0.00715579, -0.999974, -1, -0.000122114, 0, -0.000122111, 0.999974, 0.00715579, -93.9675, 59.6898, -341.402)

[node name="BarrierStoneBlock_01_F21" parent="Assets" instance=ExtResource("18_mnci5")]
transform = Transform3D(-8.73822e-07, 0.00715579, -0.999974, -1, -0.000122114, 0, -0.000122111, 0.999974, 0.00715579, -93.9675, 59.6898, -337.852)

[node name="BarrierStoneBlock_01_F22" parent="Assets" instance=ExtResource("18_mnci5")]
transform = Transform3D(-8.73822e-07, 0.00715579, -0.999974, -1, -0.000122114, 0, -0.000122111, 0.999974, 0.00715579, -93.9675, 59.6898, -334.328)

[node name="BarrierStoneBlock_01_F23" parent="Assets" instance=ExtResource("18_mnci5")]
transform = Transform3D(-8.73822e-07, 0.00715579, -0.999974, -1, -0.000122114, 0, -0.000122111, 0.999974, 0.00715579, -93.9763, 59.6898, -331.263)

[node name="BarrierStoneBlock_01_F24" parent="Assets" instance=ExtResource("18_mnci5")]
transform = Transform3D(-4.37114e-08, 0, -1, 0, 1, 0, 1, 0, -4.37114e-08, -93.9763, 59.1452, -328.467)

[node name="BarrierStoneBlock_01_B" parent="." instance=ExtResource("19_04jrg")]
transform = Transform3D(1, 0, 0, 0, 1, 0, 0, 0, 1, -237.792, 53.6267, -320.693)

[node name="BarrierStoneBlock_01_B2" parent="." instance=ExtResource("19_04jrg")]
transform = Transform3D(1, 0, 0, 0, 1, 0, 0, 0, 1, -237.792, 53.6267, -321.969)

[node name="BarrierStoneBlock_01_A" parent="." instance=ExtResource("20_rvutr")]
transform = Transform3D(1, 0, 0, 0, 1, 0, 0, 0, 1, -237.861, 56.0617, -320.747)

[node name="BarrierStoneBlock_01_A2" parent="." instance=ExtResource("20_rvutr")]
transform = Transform3D(1, 0, 0, 0, 1, 0, 0, 0, 1, -237.861, 53.5151, -323.309)

[node name="BarrierStoneBlock_01_B3" parent="." instance=ExtResource("19_04jrg")]
transform = Transform3D(-0.0378471, 0, 0.999284, 0, 1, 0, -0.999284, 0, -0.0378471, -168.277, 54.7491, -283.7)

[node name="BarrierStoneBlock_01_B4" parent="." instance=ExtResource("19_04jrg")]
transform = Transform3D(-0.0378471, 0, 0.999284, 0, 1, 0, -0.999284, 0, -0.0378471, -169.552, 54.7491, -283.652)

[node name="BarrierStoneBlock_01_A3" parent="." instance=ExtResource("20_rvutr")]
transform = Transform3D(-0.0378471, 0, 0.999284, 0, 1, 0, -0.999284, 0, -0.0378471, -168.328, 57.1841, -283.629)

[node name="BarrierStoneBlock_01_A4" parent="." instance=ExtResource("20_rvutr")]
transform = Transform3D(-0.0378471, 0, 0.999284, 0, 1, 0, -0.999284, 0, -0.0378471, -170.888, 54.6375, -283.532)
