[gd_scene load_steps=20 format=3 uid="uid://b31c2nmynb7tc"]

[ext_resource type="PackedScene" path="res://objects/Gameplay/Common/HQ_PlayerSpawner.tscn" id="1_no2ds"]
[ext_resource type="PackedScene" path="res://objects/entities/SpawnPoint.tscn" id="2_pgrb7"]
[ext_resource type="PackedScene" path="res://objects/props/FlagPole_01_USA.tscn" id="3_522pj"]
[ext_resource type="PackedScene" path="res://objects/Gameplay/Common/InteractPoint.tscn" id="4_sh256"]
[ext_resource type="Script" uid="uid://3hvpbglts2bi" path="res://scripts/gameplay/common/WorldIcon.gd" id="5_4j5a3"]
[ext_resource type="PackedScene" path="res://objects/Gameplay/Common/WorldIcon.tscn" id="6_b8scc"]
[ext_resource type="PackedScene" uid="uid://jv31so3xcr7p" path="res://addons/bf_portal/portal_tools/types/PolygonVolume/PolygonVolume.tscn" id="7_tqmkd"]
[ext_resource type="PackedScene" path="res://objects/props/BarrierStoneBlock_01_H.tscn" id="8_no2ds"]
[ext_resource type="PackedScene" path="res://objects/Gameplay/Common/CombatArea.tscn" id="9_sey38"]
[ext_resource type="PackedScene" path="res://objects/Gameplay/Common/DeployCam.tscn" id="10_tsedr"]
[ext_resource type="PackedScene" path="res://static/MP_Dumbo_Terrain.tscn" id="11_jdj1b"]
[ext_resource type="PackedScene" path="res://static/MP_Dumbo_Assets.tscn" id="12_fpnd1"]
[ext_resource type="PackedScene" path="res://objects/entities/CapturePoint.tscn" id="13_cl3so"]
[ext_resource type="PackedScene" path="res://objects/props/BarrierBlockConcrete_02_128_180.tscn" id="14_xcj7v"]
[ext_resource type="PackedScene" path="res://objects/Gameplay/Common/Sector.tscn" id="15_2v71m"]
[ext_resource type="PackedScene" path="res://objects/gameplay/common/AreaTrigger.tscn" id="16_rn7nf"]
[ext_resource type="PackedScene" path="res://objects/props/BarrierBlockConcrete_01_256x180_A.tscn" id="17_5expp"]
[ext_resource type="PackedScene" path="res://objects/uncategorized/GMetroBus_01_Brooklyn.tscn" id="18_pgrb7"]
[ext_resource type="PackedScene" path="res://objects/props/BarrierStoneBlock_01_F.tscn" id="19_522pj"]

[node name="MP_Dumbo" type="Node3D"]

[node name="TEAM_1_HQ" parent="." node_paths=PackedStringArray("HQArea", "InfantrySpawns") instance=ExtResource("1_no2ds")]
transform = Transform3D(1, 0, 0, 0, 1, 0, 0, 0, 1, -113.08, 54.0586, -352.856)
AltTeam = 0
ObjId = 1
HQArea = NodePath("HQ_Team1")
InfantrySpawns = [NodePath("SpawnPoint_1_1"), NodePath("SpawnPoint_1_2"), NodePath("SpawnPoint_1_3"), NodePath("SpawnPoint_1_4")]

[node name="SpawnPoint_1_1" parent="TEAM_1_HQ" instance=ExtResource("2_pgrb7")]
transform = Transform3D(0.999884, 0, -0.0152535, 0, 1, 0, 0.0152535, 0, 0.999884, -3.70127, 0.1105, -4.23425)

[node name="SpawnPoint_1_2" parent="TEAM_1_HQ" instance=ExtResource("2_pgrb7")]
transform = Transform3D(0.153159, 0, 0.988202, 0, 1, 0, -0.988202, 0, 0.153159, 2.58272, 0.1978, -4.08298)

[node name="SpawnPoint_1_3" parent="TEAM_1_HQ" instance=ExtResource("2_pgrb7")]
transform = Transform3D(-0.0428871, 0, 0.99908, 0, 1, 0, -0.99908, 0, -0.0428871, -10.1594, 0.0354042, -3.97342)

[node name="SpawnPoint_1_4" parent="TEAM_1_HQ" instance=ExtResource("2_pgrb7")]
transform = Transform3D(0.408904, 0, 0.912577, 0, 1, 0, -0.912577, 0, 0.408904, 4.84603, 0.383953, 5.55725)

[node name="InteractArea" parent="TEAM_1_HQ" instance=ExtResource("3_522pj")]
transform = Transform3D(-4.37114e-08, 0, 1, 0, 1, 0, -1, 0, -4.37114e-08, 0, 0, 0)

[node name="InteractPointChangeTeam" parent="TEAM_1_HQ/InteractArea" instance=ExtResource("4_sh256")]
transform = Transform3D(1, 0, 0, 0, 1, 0, 0, 0, 1, 3, 1, 0)
ObjId = 2001

[node name="WorldIcon" type="Node3D" parent="TEAM_1_HQ/InteractArea/InteractPointChangeTeam"]
script = ExtResource("5_4j5a3")
ObjId = 5001
iconTextVisible = true
iconColor = [0.0, 1.0, 0.0]
iconImagePicker = 6
iconImageVisible = true
iconTeamOwnerId = 1

[node name="InteractPointReady" parent="TEAM_1_HQ/InteractArea" instance=ExtResource("4_sh256")]
transform = Transform3D(1, 0, 0, 0, 1, 0, 0, 0, 1, -3, 1, 0)
ObjId = 2002

[node name="WorldIcon" type="Node3D" parent="TEAM_1_HQ/InteractArea/InteractPointReady"]
script = ExtResource("5_4j5a3")
ObjId = 5002
iconTextVisible = true
iconColor = [0.0, 0.5, 1.0]
iconImagePicker = 7
iconImageVisible = true
iconTeamOwnerId = 1

[node name="InteractPointSpectate" parent="TEAM_1_HQ/InteractArea" instance=ExtResource("4_sh256")]
transform = Transform3D(1, 0, 0, 0, 1, 0, 0, 0, 1, -4.52737, 1, -25.1401)
ObjId = 6001

[node name="WorldIcon" parent="TEAM_1_HQ/InteractArea" instance=ExtResource("6_b8scc")]
transform = Transform3D(1, 0, 0, 0, 1, 0, 0, 0, 1, 0, 2, 0)
ObjId = 5011
iconTextVisible = true
iconColor = [0.0, 0.0, 1.0]
iconImagePicker = 7
iconTeamOwnerId = 1

[node name="HQ_Team1" parent="TEAM_1_HQ" instance=ExtResource("7_tqmkd")]
transform = Transform3D(1, 0, 0, 0, 1, 0, 0, 0, 1, -3.626, 0, 40.266)
points = PackedVector2Array(28.0161, -125.863, -40.939, -125.772, -41.1057, 46.6461, 12.988, 46.7178, 13.0202, 79.1354, 28.0204, 79.1354)

[node name="TEAM_2_HQ" parent="." node_paths=PackedStringArray("HQArea", "InfantrySpawns") instance=ExtResource("1_no2ds")]
transform = Transform3D(1, 0, 0, 0, 1, 0, 0, 0, 1, 79.1793, 61.6228, -171.474)
Team = 2
AltTeam = 0
ObjId = 2
HQArea = NodePath("HQ_Team2")
InfantrySpawns = [NodePath("SpawnPoint_2_1"), NodePath("SpawnPoint_2_2"), NodePath("SpawnPoint_2_3"), null]

[node name="SpawnPoint_2_1" parent="TEAM_2_HQ" instance=ExtResource("2_pgrb7")]
transform = Transform3D(-0.979974, 0, -0.199128, 0, 1, 0, 0.199128, 0, -0.979974, -16.815, 0.0879784, 2.02135)

[node name="SpawnPoint_2_2" parent="TEAM_2_HQ" instance=ExtResource("2_pgrb7")]
transform = Transform3D(-0.919046, 0, -0.39415, 0, 1, 0, 0.39415, 0, -0.919046, -6.48113, 0.00113678, -16.1478)

[node name="SpawnPoint_2_3" parent="TEAM_2_HQ" instance=ExtResource("2_pgrb7")]
transform = Transform3D(0.839278, 0, -0.543702, 0, 1, 0, 0.543702, 0, 0.839278, 5.47637, 0.24239, -10.3317)

[node name="HQ_Team2" parent="TEAM_2_HQ" instance=ExtResource("7_tqmkd")]
transform = Transform3D(1, 0, 0, 0, 1, 0, 0, 0, 1, 8.897, 0, -56.984)
points = PackedVector2Array(60.273, 70.002, 60.273, -89.995, 38.2389, -89.9946, 38.2443, -20.0118, -16.763, -20.012, -16.7612, 40.0062, -81.7478, 40.0028, -81.7571, 70.0023)

[node name="InteractArea" parent="TEAM_2_HQ" instance=ExtResource("3_522pj")]
transform = Transform3D(-4.37114e-08, 0, -1, 0, 1, 0, 1, 0, -4.37114e-08, 0, 0, 0)

[node name="InteractPointChangeTeam" parent="TEAM_2_HQ/InteractArea" instance=ExtResource("4_sh256")]
transform = Transform3D(1, 0, 0, 0, 1, 0, 0, 0, 1, 3, 1, 0)
ObjId = 2003

[node name="WorldIcon" type="Node3D" parent="TEAM_2_HQ/InteractArea/InteractPointChangeTeam"]
script = ExtResource("5_4j5a3")
ObjId = 5003
iconTextVisible = true
iconColor = [0.0, 1.0, 0.0]
iconImagePicker = 6
iconImageVisible = true
iconTeamOwnerId = 2

[node name="InteractPointReady" parent="TEAM_2_HQ/InteractArea" instance=ExtResource("4_sh256")]
transform = Transform3D(1, 0, 0, 0, 1, 0, 0, 0, 1, -3, 1, 0)
ObjId = 2004

[node name="WorldIcon" type="Node3D" parent="TEAM_2_HQ/InteractArea/InteractPointReady"]
script = ExtResource("5_4j5a3")
ObjId = 5004
iconTextVisible = true
iconColor = [0.0, 0.5, 1.0]
iconImagePicker = 7
iconImageVisible = true
iconTeamOwnerId = 2

[node name="WorldIcon" parent="TEAM_2_HQ/InteractArea" instance=ExtResource("6_b8scc")]
transform = Transform3D(1, 0, 0, 0, 1, 0, 0, 0, 1, 0, 2, 0)
ObjId = 5012
iconTextVisible = true
iconColor = [0.0, 0.0, 1.0]
iconImagePicker = 7
iconTeamOwnerId = 2

[node name="CombatArea" parent="." node_paths=PackedStringArray("CombatVolume") instance=ExtResource("9_sey38")]
transform = Transform3D(1, 0, 0, 0, 1, 0, 0, 0, 1, -110.236, 50, -325.59)
CombatVolume = NodePath("CombatVolume")

[node name="CombatVolume" parent="CombatArea" instance=ExtResource("7_tqmkd")]
transform = Transform3D(1, 0, 0, 0, 1, 0, 0, 0, 1, 86.549, 0, 67.136)
points = PackedVector2Array(19.5, -123.666, -5, -180, -65, -180, -65, 25, -80, 25, -80, 55, -55, 55, -55, 100, 30, 100, 30, 70, 95, 70, 95, 10, 150, 10, 150, -60, 115, -60, 115, -80, 55, -80, 37.8329, -91.5078, 28.0654, -91.5078, 28.0654, -99.4721, 20.4016, -99.4721)

[node name="Camera3D" type="Camera3D" parent="."]
transform = Transform3D(1, 0, 0, 0, 0.101056, 0.994881, 0, -0.994881, 0.101056, 8.53552, 390.265, -286.689)

[node name="DeployCam" parent="Camera3D" instance=ExtResource("10_tsedr")]
transform = Transform3D(1, 0, 0, 0, -4.37114e-08, 1, 0, -1, -4.37114e-08, 0, 0, 0)

[node name="Static" type="Node3D" parent="."]

[node name="MP_Dumbo_Terrain" parent="Static" instance=ExtResource("11_jdj1b")]
metadata/_edit_lock_ = true

[node name="MP_Dumbo_Assets" parent="Static" instance=ExtResource("12_fpnd1")]
metadata/_edit_lock_ = true

[node name="CapturePointA" parent="." node_paths=PackedStringArray("CaptureArea", "InfantrySpawnPoints_Team1", "InfantrySpawnPoints_Team2") instance=ExtResource("13_cl3so")]
transform = Transform3D(1, 0, 0, 0, 1, 0, 0, 0, 1, -42.83, 54.77, -344.951)
ObjId = 201
CaptureArea = NodePath("CaptureArea")
InfantrySpawnPoints_Team1 = [NodePath("Team1/SpawnPoint"), NodePath("Team1/SpawnPoint2"), NodePath("Team1/SpawnPoint3"), NodePath("Team1/SpawnPoint4"), NodePath("Team1/SpawnPoint5")]
InfantrySpawnPoints_Team2 = [NodePath("Team2/SpawnPoint"), NodePath("Team2/SpawnPoint2"), NodePath("Team2/SpawnPoint3"), NodePath("Team2/SpawnPoint4"), NodePath("Team2/SpawnPoint5")]

[node name="CaptureArea" parent="CapturePointA" instance=ExtResource("7_tqmkd")]
transform = Transform3D(1, 0, 0, 0, 1, 0, 0, 0, 1, 0.000339508, -0.440453, 0.000274658)
points = PackedVector2Array(-13.3102, -1.7394, -6.49975, 10.7895, 13.2977, 1.89894, 6.51233, -10.9491)
height = 5.0

[node name="Team1" type="Node3D" parent="CapturePointA"]
transform = Transform3D(1, 0, 0, 0, 1, 0, 0, 0, 1, 2.2983, -9.91821e-05, -0.0250244)

[node name="SpawnPoint" parent="CapturePointA/Team1" instance=ExtResource("2_pgrb7")]
transform = Transform3D(0.460107, 0, -0.887864, 0, 1, 0, 0.887864, 0, 0.460107, -29.9943, -0.157078, -9.89722)

[node name="SpawnPoint2" parent="CapturePointA/Team1" instance=ExtResource("2_pgrb7")]
transform = Transform3D(0.351352, 0, -0.936244, 0, 1, 0, 0.936244, 0, 0.351352, -14.1603, 0.0263023, 29.2394)

[node name="SpawnPoint3" parent="CapturePointA/Team1" instance=ExtResource("2_pgrb7")]
transform = Transform3D(0.988409, 0, 0.151813, 0, 1, 0, -0.151813, 0, 0.988409, -28.6039, -0.622032, -42.3305)

[node name="SpawnPoint4" parent="CapturePointA/Team1" instance=ExtResource("2_pgrb7")]
transform = Transform3D(0.696063, 0, 0.717981, 0, 1, 0, -0.717981, 0, 0.696063, -41.369, -1.29757, -42.3606)

[node name="SpawnPoint5" parent="CapturePointA/Team1" instance=ExtResource("2_pgrb7")]
transform = Transform3D(-0.330498, 0, 0.943807, 0, 1, 0, -0.943807, 0, -0.330498, -37.4867, -0.0514107, 37.1094)

[node name="Team2" type="Node3D" parent="CapturePointA"]
transform = Transform3D(1, 0, 0, 0, 1, 0, 0, 0, 1, 2.2983, -9.91821e-05, -0.0250244)

[node name="SpawnPoint" parent="CapturePointA/Team2" instance=ExtResource("2_pgrb7")]
transform = Transform3D(-0.57442, 0, -0.818561, 0, 1, 0, 0.818561, 0, -0.57442, 50.771, 0, 18.9809)

[node name="SpawnPoint2" parent="CapturePointA/Team2" instance=ExtResource("2_pgrb7")]
transform = Transform3D(0.921477, 0, 0.388432, 0, 1, 0, -0.388432, 0, 0.921477, 16.7479, -0.958904, -54.6787)

[node name="SpawnPoint3" parent="CapturePointA/Team2" instance=ExtResource("2_pgrb7")]
transform = Transform3D(1, 0, 0, 0, 1, 0, 0, 0, 1, 12.0688, -0.824165, -58.8868)

[node name="SpawnPoint4" parent="CapturePointA/Team2" instance=ExtResource("2_pgrb7")]
transform = Transform3D(0.996658, 0, 0.0816774, 0, 1, 0, -0.0816774, 0, 0.996658, 26.1359, 0.377151, 30.3101)

[node name="SpawnPoint5" parent="CapturePointA/Team2" instance=ExtResource("2_pgrb7")]
transform = Transform3D(0.991739, 0, -0.128277, 0, 1, 0, 0.128277, 0, 0.991739, -2.09341, -0.680386, -56.8914)

[node name="CapturePointB" parent="." node_paths=PackedStringArray("CaptureArea", "InfantrySpawnPoints_Team1", "InfantrySpawnPoints_Team2") instance=ExtResource("13_cl3so")]
transform = Transform3D(1, 0, 0, 0, 1, 0, 0, 0, 1, -39.5652, 56.1092, -243.959)
ObjId = 202
CaptureArea = NodePath("CaptureArea")
InfantrySpawnPoints_Team1 = [NodePath("Team1/SpawnPoint"), NodePath("Team1/SpawnPoint2"), NodePath("Team1/SpawnPoint3"), NodePath("Team1/SpawnPoint4"), NodePath("Team1/SpawnPoint5")]
InfantrySpawnPoints_Team2 = [NodePath("Team2/SpawnPoint"), NodePath("Team2/SpawnPoint2"), NodePath("Team2/SpawnPoint3"), NodePath("Team2/SpawnPoint4"), NodePath("Team2/SpawnPoint5")]

[node name="CaptureArea" parent="CapturePointB" instance=ExtResource("7_tqmkd")]
transform = Transform3D(1, 0, 0, 0, 1, 0, 0, 0, 1, 0.00712585, 0, 0.0842743)
points = PackedVector2Array(-12, -9, -12, 9, 12, 9, 12, -9)
height = 6.0

[node name="Team1" type="Node3D" parent="CapturePointB"]

[node name="SpawnPoint" parent="CapturePointB/Team1" instance=ExtResource("2_pgrb7")]
transform = Transform3D(-0.381684, 0, 0.924293, 0, 1, 0, -0.924293, 0, -0.381684, -60.231, 0.707287, 8.28983)

[node name="SpawnPoint2" parent="CapturePointB/Team1" instance=ExtResource("2_pgrb7")]
transform = Transform3D(-0.982878, 0, 0.18426, 0, 1, 0, -0.18426, 0, -0.982878, -60.6903, -1.27699, -21.4628)

[node name="SpawnPoint3" parent="CapturePointB/Team1" instance=ExtResource("2_pgrb7")]
transform = Transform3D(0.405301, 0, 0.914183, 0, 1, 0, -0.914183, 0, 0.405301, -52.3459, -1.3008, -39.0982)

[node name="SpawnPoint4" parent="CapturePointB/Team1" instance=ExtResource("2_pgrb7")]
transform = Transform3D(-0.861, 0, 0.508606, 0, 1, 0, -0.508606, 0, -0.861, -29.4368, 2.8295, 47.347)

[node name="SpawnPoint5" parent="CapturePointB/Team1" instance=ExtResource("2_pgrb7")]
transform = Transform3D(-0.511383, 0, 0.859353, 0, 1, 0, -0.859353, 0, -0.511383, -43.4157, -0.380981, -49.9261)

[node name="Team2" type="Node3D" parent="CapturePointB"]

[node name="SpawnPoint" parent="CapturePointB/Team2" instance=ExtResource("2_pgrb7")]
transform = Transform3D(-0.935826, 0, -0.352462, 0, 1, 0, 0.352462, 0, -0.935826, 43.0371, 1.30669, 24.8783)

[node name="SpawnPoint2" parent="CapturePointB/Team2" instance=ExtResource("2_pgrb7")]
transform = Transform3D(-0.984353, 0, 0.176208, 0, 1, 0, -0.176208, 0, -0.984353, 31.3507, 4.09534, 54.1298)

[node name="SpawnPoint3" parent="CapturePointB/Team2" instance=ExtResource("2_pgrb7")]
transform = Transform3D(-0.651383, 0, -0.758749, 0, 1, 0, 0.758749, 0, -0.651383, 6.10928, 4.29762, 57.9213)

[node name="SpawnPoint4" parent="CapturePointB/Team2" instance=ExtResource("2_pgrb7")]
transform = Transform3D(-0.998302, 0, -0.0582608, 0, 1, 0, 0.0582608, 0, -0.998302, 46.0827, 4.20299, 51.785)

[node name="SpawnPoint5" parent="CapturePointB/Team2" instance=ExtResource("2_pgrb7")]
transform = Transform3D(-0.144944, 0, 0.98944, 0, 1, 0, -0.98944, 0, -0.144944, 29.8749, 1.376, 20.0359)

[node name="CapturePointC" parent="." node_paths=PackedStringArray("CaptureArea", "InfantrySpawnPoints_Team1", "InfantrySpawnPoints_Team2") instance=ExtResource("13_cl3so")]
transform = Transform3D(1, 0, 0, 0, 1, 0, 0, 0, 1, 43.1028, 56.7762, -258.971)
ObjId = 203
CaptureArea = NodePath("CaptureArea")
InfantrySpawnPoints_Team1 = [NodePath("Team1/SpawnPoint"), NodePath("Team1/SpawnPoint2"), NodePath("Team1/SpawnPoint3"), NodePath("Team1/SpawnPoint4"), NodePath("Team1/SpawnPoint5")]
InfantrySpawnPoints_Team2 = [NodePath("Team2/SpawnPoint"), NodePath("Team2/SpawnPoint2"), NodePath("Team2/SpawnPoint3"), NodePath("Team2/SpawnPoint4"), NodePath("Team2/SpawnPoint5")]

[node name="CaptureArea" parent="CapturePointC" instance=ExtResource("7_tqmkd")]
transform = Transform3D(1, 0, 0, 0, 1, 0, 0, 0, 1, 3.34074, 0, 2.19052)
points = PackedVector2Array(-10, -10.75, -10, 7.25, 4.5, 7.25, 4.5, 3.75, 1, 3.75, 1, -0.25, 4.5, -0.25, 4.5, -10.75)
height = 3.0

[node name="Team1" type="Node3D" parent="CapturePointC"]

[node name="SpawnPoint" parent="CapturePointC/Team1" instance=ExtResource("2_pgrb7")]
transform = Transform3D(0.226243, 0, -0.974071, 0, 1, 0, 0.974071, 0, 0.226243, -6.06692, -0.587784, -40.8458)

[node name="SpawnPoint2" parent="CapturePointC/Team1" instance=ExtResource("2_pgrb7")]
transform = Transform3D(1, 0, 0, 0, 1, 0, 0, 0, 1, -47.8793, -1.36378, -40.6399)

[node name="SpawnPoint3" parent="CapturePointC/Team1" instance=ExtResource("2_pgrb7")]
transform = Transform3D(-0.341397, 0, -0.939919, 0, 1, 0, 0.939919, 0, -0.341397, -9.95195, -1.24, -54.037)

[node name="SpawnPoint4" parent="CapturePointC/Team1" instance=ExtResource("2_pgrb7")]
transform = Transform3D(0.644804, 0, -0.764348, 0, 1, 0, 0.764348, 0, 0.644804, -14.0632, -1.63771, -52.41)

[node name="SpawnPoint5" parent="CapturePointC/Team1" instance=ExtResource("2_pgrb7")]
transform = Transform3D(1, 0, 0, 0, 1, 0, 0, 0, 1, 29.0022, -0.477043, -37.9031)

[node name="Team2" type="Node3D" parent="CapturePointC"]

[node name="SpawnPoint" parent="CapturePointC/Team2" instance=ExtResource("2_pgrb7")]
transform = Transform3D(-0.855545, 0, 0.517729, 0, 1, 0, -0.517729, 0, -0.855545, 13.4963, 2.62253, 30.1378)

[node name="SpawnPoint2" parent="CapturePointC/Team2" instance=ExtResource("2_pgrb7")]
transform = Transform3D(0.952523, 0, 0.304465, 0, 1, 0, -0.304465, 0, 0.952523, -8.60905, 2.44496, 21.6699)

[node name="SpawnPoint3" parent="CapturePointC/Team2" instance=ExtResource("2_pgrb7")]
transform = Transform3D(-0.22762, 0, -0.97375, 0, 1, 0, 0.97375, 0, -0.22762, 39.0862, 3.22733, -7.48932)

[node name="SpawnPoint4" parent="CapturePointC/Team2" instance=ExtResource("2_pgrb7")]
transform = Transform3D(-0.538888, 0, -0.842377, 0, 1, 0, 0.842377, 0, -0.538888, 13.0281, 2.65166, 35.1878)

[node name="SpawnPoint5" parent="CapturePointC/Team2" instance=ExtResource("2_pgrb7")]
transform = Transform3D(0.949732, 0, 0.313064, 0, 1, 0, -0.313064, 0, 0.949732, 21.4731, -0.601074, -48.6234)

[node name="Sector" parent="." node_paths=PackedStringArray("SectorArea", "CapturePoints") instance=ExtResource("15_2v71m")]
SectorArea = NodePath("../CombatArea/CombatVolume")
CapturePoints = [NodePath("../CapturePointA"), NodePath("../CapturePointB"), NodePath("../CapturePointC")]

[node name="Sector2" parent="." node_paths=PackedStringArray("SectorArea") instance=ExtResource("15_2v71m")]
SectorArea = NodePath("../TEAM_1_HQ/HQ_Team1")

[node name="Sector3" parent="." node_paths=PackedStringArray("SectorArea") instance=ExtResource("15_2v71m")]
SectorArea = NodePath("../TEAM_2_HQ/HQ_Team2")

[node name="AreaTrigger" parent="." node_paths=PackedStringArray("Area") instance=ExtResource("16_rn7nf")]
ObjId = 7001
Area = NodePath("../TEAM_1_HQ/HQ_Team1")

[node name="AreaTrigger2" parent="." node_paths=PackedStringArray("Area") instance=ExtResource("16_rn7nf")]
ObjId = 7002
Area = NodePath("../TEAM_2_HQ/HQ_Team2")

[node name="BarrierBlockConcrete_01_256x180_A" parent="." instance=ExtResource("17_5expp")]
transform = Transform3D(-0.00453781, 0, 0.99999, 0, 1, 0, -0.99999, 0, -0.00453781, -20.5842, 56.016, -234.276)

[node name="BarrierBlockConcrete_01_256x180_A2" parent="." instance=ExtResource("17_5expp")]
transform = Transform3D(-0.00453781, 0, 0.99999, 0, 1, 0, -0.99999, 0, -0.00453781, -20.5842, 56.016, -236.844)

[node name="BarrierBlockConcrete_01_256x180_A3" parent="." instance=ExtResource("17_5expp")]
transform = Transform3D(-0.00453781, 0, 0.99999, 0, 1, 0, -0.99999, 0, -0.00453781, -20.5842, 57.8058, -234.276)

[node name="BarrierBlockConcrete_02_128_298" parent="." instance=ExtResource("14_xcj7v")]
transform = Transform3D(-0.00132895, 0.997682, -0.0680372, 0.0194837, 0.0680502, 0.997492, 0.999809, 0, -0.019529, -46.2111, 60.1299, -266.362)

[node name="BarrierBlockConcrete_02_128_299" parent="." instance=ExtResource("14_xcj7v")]
transform = Transform3D(-0.00132895, 0.997682, -0.0680372, 0.0194837, 0.0680502, 0.997492, 0.999809, 0, -0.019529, -44.448, 60.1299, -266.362)

[node name="BarrierBlockConcrete_02_128_300" parent="." instance=ExtResource("14_xcj7v")]
transform = Transform3D(-0.00596894, 0, 0.999982, 0, 1, 0, -0.999982, 0, -0.00596894, -51.3139, 56.0532, -256.342)

[node name="BarrierBlockConcrete_02_128_301" parent="." instance=ExtResource("14_xcj7v")]
transform = Transform3D(-0.00596894, 0, 0.999982, 0, 1, 0, -0.999982, 0, -0.00596894, -51.3139, 56.0532, -254.953)

[node name="BarrierBlockConcrete_02_128_302" parent="." instance=ExtResource("14_xcj7v")]
transform = Transform3D(-0.00596894, 0, 0.999982, 0, 1, 0, -0.999982, 0, -0.00596894, -51.3139, 57.8251, -256.342)

[node name="BarrierBlockConcrete_02_128_303" parent="." instance=ExtResource("14_xcj7v")]
transform = Transform3D(-0.00596894, 0, 0.999982, 0, 1, 0, -0.999982, 0, -0.00596894, -51.3139, 57.8251, -254.953)

[node name="BarrierBlockConcrete_02_128_304" parent="." instance=ExtResource("14_xcj7v")]
transform = Transform3D(-0.00596894, 0, 0.999982, 0, 1, 0, -0.999982, 0, -0.00596894, -51.3139, 59.5818, -256.342)

[node name="BarrierBlockConcrete_02_128_305" parent="." instance=ExtResource("14_xcj7v")]
transform = Transform3D(-0.00596894, 0, 0.999982, 0, 1, 0, -0.999982, 0, -0.00596894, -51.3139, 59.5818, -254.953)

[node name="BarrierBlockConcrete_02_128_306" parent="." instance=ExtResource("14_xcj7v")]
transform = Transform3D(-0.00596894, 0, 0.999982, 0, 1, 0, -0.999982, 0, -0.00596894, -26.0258, 56.1315, -231.444)

[node name="BarrierBlockConcrete_02_128_307" parent="." instance=ExtResource("14_xcj7v")]
transform = Transform3D(-0.00596894, 0, 0.999982, 0, 1, 0, -0.999982, 0, -0.00596894, -26.0258, 56.1315, -230.055)

[node name="BarrierBlockConcrete_02_128_308" parent="." instance=ExtResource("14_xcj7v")]
transform = Transform3D(-0.00596894, 0, 0.999982, 0, 1, 0, -0.999982, 0, -0.00596894, -26.0258, 57.9033, -231.444)

[node name="BarrierBlockConcrete_02_128_309" parent="." instance=ExtResource("14_xcj7v")]
transform = Transform3D(-0.00596894, 0, 0.999982, 0, 1, 0, -0.999982, 0, -0.00596894, -26.0258, 57.9033, -230.055)

[node name="BarrierBlockConcrete_02_128_310" parent="." instance=ExtResource("14_xcj7v")]
transform = Transform3D(-0.00596894, 0, 0.999982, 0, 1, 0, -0.999982, 0, -0.00596894, -26.0258, 59.674, -231.444)

[node name="BarrierBlockConcrete_02_128_311" parent="." instance=ExtResource("14_xcj7v")]
transform = Transform3D(-0.00596894, 0, 0.999982, 0, 1, 0, -0.999982, 0, -0.00596894, -26.0258, 59.674, -230.055)

[node name="BarrierBlockConcrete_02_128_312" parent="." instance=ExtResource("14_xcj7v")]
transform = Transform3D(-0.999832, 0, -0.0183075, 0, 1, 0, 0.0183075, 0, -0.999832, -28.2718, 56.7745, -253.771)

[node name="BarrierBlockConcrete_02_128_313" parent="." instance=ExtResource("14_xcj7v")]
transform = Transform3D(-0.999832, 0, -0.0183075, 0, 1, 0, 0.0183075, 0, -0.999832, -26.883, 56.7745, -253.788)

[node name="BarrierBlockConcrete_02_128_314" parent="." instance=ExtResource("14_xcj7v")]
transform = Transform3D(-0.00987843, 0, -0.999951, 0, 1, 0, 0.999951, 0, -0.00987843, -21.7215, 59.9402, -266.524)

[node name="BarrierBlockConcrete_02_128_315" parent="." instance=ExtResource("14_xcj7v")]
transform = Transform3D(-0.00987843, 0, -0.999951, 0, 1, 0, 0.999951, 0, -0.00987843, -21.6995, 59.9402, -267.912)

[node name="BarrierBlockConcrete_02_128_316" parent="." instance=ExtResource("14_xcj7v")]
transform = Transform3D(1, 0, 0, 0, 1, 0, 0, 0, 1, -24.0303, 59.9402, -267.445)

[node name="BarrierBlockConcrete_02_128_317" parent="." instance=ExtResource("14_xcj7v")]
transform = Transform3D(1, 0, 0, 0, 1, 0, 0, 0, 1, -22.7646, 59.9402, -267.445)

[node name="BarrierBlockConcrete_02_128_318" parent="." instance=ExtResource("14_xcj7v")]
transform = Transform3D(1, 0, 0, 0, 1, 0, 0, 0, 1, -24.0303, 61.7373, -267.445)

[node name="BarrierBlockConcrete_02_128_319" parent="." instance=ExtResource("14_xcj7v")]
transform = Transform3D(1, 0, 0, 0, 1, 0, 0, 0, 1, -22.7646, 61.7373, -267.445)

[node name="BarrierBlockConcrete_02_128_320" parent="." instance=ExtResource("14_xcj7v")]
transform = Transform3D(1, 0, 0, 0, 1, 0, 0, 0, 1, -26.6489, 59.9402, -267.445)

[node name="BarrierBlockConcrete_02_128_321" parent="." instance=ExtResource("14_xcj7v")]
transform = Transform3D(1, 0, 0, 0, 1, 0, 0, 0, 1, -25.3832, 59.9402, -267.445)

[node name="BarrierBlockConcrete_02_128_322" parent="." instance=ExtResource("14_xcj7v")]
transform = Transform3D(1, 0, 0, 0, 1, 0, 0, 0, 1, -26.6489, 61.7373, -267.445)

[node name="BarrierBlockConcrete_02_128_323" parent="." instance=ExtResource("14_xcj7v")]
transform = Transform3D(1, 0, 0, 0, 1, 0, 0, 0, 1, -25.3832, 61.7373, -267.445)

[node name="BarrierBlockConcrete_02_128_324" parent="." instance=ExtResource("14_xcj7v")]
transform = Transform3D(1, 0, 0, 0, 1, 0, 0, 0, 1, -29.237, 59.9402, -267.445)

[node name="BarrierBlockConcrete_02_128_325" parent="." instance=ExtResource("14_xcj7v")]
transform = Transform3D(1, 0, 0, 0, 1, 0, 0, 0, 1, -27.9713, 59.9402, -267.445)

[node name="BarrierBlockConcrete_02_128_326" parent="." instance=ExtResource("14_xcj7v")]
transform = Transform3D(1, 0, 0, 0, 1, 0, 0, 0, 1, -29.237, 61.7373, -267.445)

[node name="BarrierBlockConcrete_02_128_327" parent="." instance=ExtResource("14_xcj7v")]
transform = Transform3D(1, 0, 0, 0, 1, 0, 0, 0, 1, -27.9713, 61.7373, -267.445)

[node name="BarrierBlockConcrete_02_128_328" parent="." instance=ExtResource("14_xcj7v")]
transform = Transform3D(1, 0, 0, 0, 1, 0, 0, 0, 1, -31.8291, 59.9402, -267.445)

[node name="BarrierBlockConcrete_02_128_329" parent="." instance=ExtResource("14_xcj7v")]
transform = Transform3D(1, 0, 0, 0, 1, 0, 0, 0, 1, -30.5634, 59.9402, -267.445)

[node name="BarrierBlockConcrete_02_128_330" parent="." instance=ExtResource("14_xcj7v")]
transform = Transform3D(1, 0, 0, 0, 1, 0, 0, 0, 1, -31.8291, 61.7373, -267.445)

[node name="BarrierBlockConcrete_02_128_331" parent="." instance=ExtResource("14_xcj7v")]
transform = Transform3D(1, 0, 0, 0, 1, 0, 0, 0, 1, -30.5634, 61.7373, -267.445)

[node name="BarrierBlockConcrete_02_128_332" parent="." instance=ExtResource("14_xcj7v")]
transform = Transform3D(1, 0, 0, 0, 1, 0, 0, 0, 1, -34.388, 59.9402, -267.445)

[node name="BarrierBlockConcrete_02_128_333" parent="." instance=ExtResource("14_xcj7v")]
transform = Transform3D(1, 0, 0, 0, 1, 0, 0, 0, 1, -33.1223, 59.9402, -267.445)

[node name="BarrierBlockConcrete_02_128_334" parent="." instance=ExtResource("14_xcj7v")]
transform = Transform3D(1, 0, 0, 0, 1, 0, 0, 0, 1, -34.388, 61.7373, -267.445)

[node name="BarrierBlockConcrete_02_128_335" parent="." instance=ExtResource("14_xcj7v")]
transform = Transform3D(1, 0, 0, 0, 1, 0, 0, 0, 1, -33.1223, 61.7373, -267.445)

[node name="BarrierBlockConcrete_02_128_336" parent="." instance=ExtResource("14_xcj7v")]
transform = Transform3D(1, 0, 0, 0, 1, 0, 0, 0, 1, -36.9603, 59.9402, -267.445)

[node name="BarrierBlockConcrete_02_128_337" parent="." instance=ExtResource("14_xcj7v")]
transform = Transform3D(1, 0, 0, 0, 1, 0, 0, 0, 1, -35.6946, 59.9402, -267.445)

[node name="BarrierBlockConcrete_02_128_338" parent="." instance=ExtResource("14_xcj7v")]
transform = Transform3D(1, 0, 0, 0, 1, 0, 0, 0, 1, -36.9603, 61.7373, -267.445)

[node name="BarrierBlockConcrete_02_128_339" parent="." instance=ExtResource("14_xcj7v")]
transform = Transform3D(1, 0, 0, 0, 1, 0, 0, 0, 1, -35.6946, 61.7373, -267.445)

[node name="BarrierBlockConcrete_02_128_340" parent="." instance=ExtResource("14_xcj7v")]
transform = Transform3D(1, 0, 0, 0, 1, 0, 0, 0, 1, -39.5417, 59.9402, -267.445)

[node name="BarrierBlockConcrete_02_128_341" parent="." instance=ExtResource("14_xcj7v")]
transform = Transform3D(1, 0, 0, 0, 1, 0, 0, 0, 1, -38.276, 59.9402, -267.445)

[node name="BarrierBlockConcrete_02_128_342" parent="." instance=ExtResource("14_xcj7v")]
transform = Transform3D(1, 0, 0, 0, 1, 0, 0, 0, 1, -39.5417, 61.7373, -267.445)

[node name="BarrierBlockConcrete_02_128_343" parent="." instance=ExtResource("14_xcj7v")]
transform = Transform3D(1, 0, 0, 0, 1, 0, 0, 0, 1, -38.276, 61.7373, -267.445)

[node name="BarrierBlockConcrete_02_128_344" parent="." instance=ExtResource("14_xcj7v")]
transform = Transform3D(1, 0, 0, 0, 1, 0, 0, 0, 1, -42.1182, 59.9402, -267.445)

[node name="BarrierBlockConcrete_02_128_345" parent="." instance=ExtResource("14_xcj7v")]
transform = Transform3D(1, 0, 0, 0, 1, 0, 0, 0, 1, -40.8525, 59.9402, -267.445)

[node name="BarrierBlockConcrete_02_128_346" parent="." instance=ExtResource("14_xcj7v")]
transform = Transform3D(1, 0, 0, 0, 1, 0, 0, 0, 1, -42.1182, 61.7373, -267.445)

[node name="BarrierBlockConcrete_02_128_347" parent="." instance=ExtResource("14_xcj7v")]
transform = Transform3D(1, 0, 0, 0, 1, 0, 0, 0, 1, -40.8525, 61.7373, -267.445)

[node name="BarrierBlockConcrete_02_128_348" parent="." instance=ExtResource("14_xcj7v")]
transform = Transform3D(1, 0, 0, 0, 1, 0, 0, 0, 1, -44.6472, 59.9402, -267.445)

[node name="BarrierBlockConcrete_02_128_349" parent="." instance=ExtResource("14_xcj7v")]
transform = Transform3D(1, 0, 0, 0, 1, 0, 0, 0, 1, -43.3815, 59.9402, -267.445)

[node name="BarrierBlockConcrete_02_128_350" parent="." instance=ExtResource("14_xcj7v")]
transform = Transform3D(1, 0, 0, 0, 1, 0, 0, 0, 1, -44.6472, 61.7373, -267.445)

[node name="BarrierBlockConcrete_02_128_351" parent="." instance=ExtResource("14_xcj7v")]
transform = Transform3D(1, 0, 0, 0, 1, 0, 0, 0, 1, -43.3815, 61.7373, -267.445)

[node name="BarrierBlockConcrete_02_128_352" parent="." instance=ExtResource("14_xcj7v")]
transform = Transform3D(1, 0, 0, 0, 1, 0, 0, 0, 1, -47.2227, 59.9402, -267.445)

[node name="BarrierBlockConcrete_02_128_353" parent="." instance=ExtResource("14_xcj7v")]
transform = Transform3D(1, 0, 0, 0, 1, 0, 0, 0, 1, -45.957, 59.9402, -267.445)

[node name="BarrierBlockConcrete_02_128_354" parent="." instance=ExtResource("14_xcj7v")]
transform = Transform3D(1, 0, 0, 0, 1, 0, 0, 0, 1, -47.2227, 61.7373, -267.445)

[node name="BarrierBlockConcrete_02_128_355" parent="." instance=ExtResource("14_xcj7v")]
transform = Transform3D(1, 0, 0, 0, 1, 0, 0, 0, 1, -45.957, 61.7373, -267.445)

[node name="BarrierBlockConcrete_02_128_356" parent="." instance=ExtResource("14_xcj7v")]
transform = Transform3D(1, 0, 0, 0, 1, 0, 0, 0, 1, -49.8008, 59.9402, -267.445)

[node name="BarrierBlockConcrete_02_128_357" parent="." instance=ExtResource("14_xcj7v")]
transform = Transform3D(1, 0, 0, 0, 1, 0, 0, 0, 1, -48.535, 59.9402, -267.445)

[node name="BarrierBlockConcrete_02_128_358" parent="." instance=ExtResource("14_xcj7v")]
transform = Transform3D(1, 0, 0, 0, 1, 0, 0, 0, 1, -49.8008, 61.7373, -267.445)

[node name="BarrierBlockConcrete_02_128_359" parent="." instance=ExtResource("14_xcj7v")]
transform = Transform3D(1, 0, 0, 0, 1, 0, 0, 0, 1, -48.535, 61.7373, -267.445)

[node name="BarrierBlockConcrete_02_128_360" parent="." instance=ExtResource("14_xcj7v")]
transform = Transform3D(1, 0, 0, 0, 1, 0, 0, 0, 1, -52.3965, 59.9402, -267.445)

[node name="BarrierBlockConcrete_02_128_361" parent="." instance=ExtResource("14_xcj7v")]
transform = Transform3D(1, 0, 0, 0, 1, 0, 0, 0, 1, -51.1307, 59.9402, -267.445)

[node name="BarrierBlockConcrete_02_128_362" parent="." instance=ExtResource("14_xcj7v")]
transform = Transform3D(1, 0, 0, 0, 1, 0, 0, 0, 1, -52.3965, 61.7373, -267.445)

[node name="BarrierBlockConcrete_02_128_363" parent="." instance=ExtResource("14_xcj7v")]
transform = Transform3D(1, 0, 0, 0, 1, 0, 0, 0, 1, -51.1307, 61.7373, -267.445)

[node name="BarrierBlockConcrete_02_128_364" parent="." instance=ExtResource("14_xcj7v")]
transform = Transform3D(1, 0, 0, 0, 1, 0, 0, 0, 1, -54.9645, 59.9402, -267.445)

[node name="BarrierBlockConcrete_02_128_365" parent="." instance=ExtResource("14_xcj7v")]
transform = Transform3D(1, 0, 0, 0, 1, 0, 0, 0, 1, -53.6987, 59.9402, -267.445)

[node name="BarrierBlockConcrete_02_128_366" parent="." instance=ExtResource("14_xcj7v")]
transform = Transform3D(1, 0, 0, 0, 1, 0, 0, 0, 1, -54.9645, 61.7373, -267.445)

[node name="BarrierBlockConcrete_02_128_367" parent="." instance=ExtResource("14_xcj7v")]
transform = Transform3D(1, 0, 0, 0, 1, 0, 0, 0, 1, -53.6987, 61.7373, -267.445)

[node name="BarrierBlockConcrete_02_128_368" parent="." instance=ExtResource("14_xcj7v")]
transform = Transform3D(1, 0, 0, 0, 1, 0, 0, 0, 1, -57.1096, 59.9402, -267.445)

[node name="BarrierBlockConcrete_02_128_369" parent="." instance=ExtResource("14_xcj7v")]
transform = Transform3D(1, 0, 0, 0, 1, 0, 0, 0, 1, -55.8439, 59.9402, -267.445)

[node name="BarrierBlockConcrete_02_128_370" parent="." instance=ExtResource("14_xcj7v")]
transform = Transform3D(1, 0, 0, 0, 1, 0, 0, 0, 1, -57.1096, 61.7373, -267.445)

[node name="BarrierBlockConcrete_02_128_371" parent="." instance=ExtResource("14_xcj7v")]
transform = Transform3D(1, 0, 0, 0, 1, 0, 0, 0, 1, -55.8439, 61.7373, -267.445)

[node name="BarrierBlockConcrete_02_128_372" parent="." instance=ExtResource("14_xcj7v")]
transform = Transform3D(-0.0592715, 0, 0.998242, 0, 1, 0, -0.998242, 0, -0.0592715, -56.0792, 59.9402, -264.892)

[node name="BarrierBlockConcrete_02_128_373" parent="." instance=ExtResource("14_xcj7v")]
transform = Transform3D(-0.0592715, 0, 0.998242, 0, 1, 0, -0.998242, 0, -0.0592715, -56.1542, 59.9402, -266.156)

[node name="BarrierBlockConcrete_02_128_374" parent="." instance=ExtResource("14_xcj7v")]
transform = Transform3D(-0.0592715, 0, 0.998242, 0, 1, 0, -0.998242, 0, -0.0592715, -56.0792, 61.7373, -264.892)

[node name="BarrierBlockConcrete_02_128_375" parent="." instance=ExtResource("14_xcj7v")]
transform = Transform3D(-0.0592715, 0, 0.998242, 0, 1, 0, -0.998242, 0, -0.0592715, -56.1542, 61.7373, -266.156)

[node name="BarrierBlockConcrete_02_128_376" parent="." instance=ExtResource("14_xcj7v")]
transform = Transform3D(-0.00987843, 0, -0.999951, 0, 1, 0, 0.999951, 0, -0.00987843, -21.7215, 61.7839, -266.524)

[node name="BarrierBlockConcrete_02_128_377" parent="." instance=ExtResource("14_xcj7v")]
transform = Transform3D(-0.00987843, 0, -0.999951, 0, 1, 0, 0.999951, 0, -0.00987843, -21.6995, 61.7839, -267.912)

[node name="BarrierBlockConcrete_02_128_378" parent="." instance=ExtResource("14_xcj7v")]
transform = Transform3D(-0.999832, 0, -0.0183075, 0, 1, 0, 0.0183075, 0, -0.999832, -28.2718, 58.5463, -253.771)

[node name="BarrierBlockConcrete_02_128_379" parent="." instance=ExtResource("14_xcj7v")]
transform = Transform3D(-0.999832, 0, -0.0183075, 0, 1, 0, 0.0183075, 0, -0.999832, -29.5374, 56.7745, -253.771)

[node name="BarrierBlockConcrete_02_128_380" parent="." instance=ExtResource("14_xcj7v")]
transform = Transform3D(-0.999832, 0, -0.0183075, 0, 1, 0, 0.0183075, 0, -0.999832, -29.5374, 58.5463, -253.771)

[node name="BarrierBlockConcrete_02_128_381" parent="." instance=ExtResource("14_xcj7v")]
transform = Transform3D(-0.999832, 0, -0.0183075, 0, 1, 0, 0.0183075, 0, -0.999832, -26.883, 58.5463, -253.788)

[node name="BarrierBlockConcrete_02_128_382" parent="." instance=ExtResource("14_xcj7v")]
transform = Transform3D(-0.999832, 0, -0.0183075, 0, 1, 0, 0.0183075, 0, -0.999832, -28.2718, 60.3569, -253.771)

[node name="BarrierBlockConcrete_02_128_383" parent="." instance=ExtResource("14_xcj7v")]
transform = Transform3D(-0.999832, 0, -0.0183075, 0, 1, 0, 0.0183075, 0, -0.999832, -29.5374, 60.3569, -253.771)

[node name="BarrierBlockConcrete_02_128_384" parent="." instance=ExtResource("14_xcj7v")]
transform = Transform3D(-0.999832, 0, -0.0183075, 0, 1, 0, 0.0183075, 0, -0.999832, -26.883, 60.3569, -253.788)

[node name="BarrierBlockConcrete_02_128_385" parent="." instance=ExtResource("14_xcj7v")]
transform = Transform3D(-0.999832, 0, -0.0183075, 0, 1, 0, 0.0183075, 0, -0.999832, -48.6132, 57.1405, -233.652)

[node name="BarrierBlockConcrete_02_128_386" parent="." instance=ExtResource("14_xcj7v")]
transform = Transform3D(-0.999832, 0, -0.0183075, 0, 1, 0, 0.0183075, 0, -0.999832, -47.2245, 57.1405, -233.669)

[node name="BarrierBlockConcrete_02_128_387" parent="." instance=ExtResource("14_xcj7v")]
transform = Transform3D(-0.999832, 0, -0.0183075, 0, 1, 0, 0.0183075, 0, -0.999832, -48.6132, 58.9123, -233.652)

[node name="BarrierBlockConcrete_02_128_388" parent="." instance=ExtResource("14_xcj7v")]
transform = Transform3D(-0.999832, 0, -0.0183075, 0, 1, 0, 0.0183075, 0, -0.999832, -49.8789, 57.1405, -233.652)

[node name="BarrierBlockConcrete_02_128_389" parent="." instance=ExtResource("14_xcj7v")]
transform = Transform3D(-0.999832, 0, -0.0183075, 0, 1, 0, 0.0183075, 0, -0.999832, -49.8789, 58.9123, -233.652)

[node name="BarrierBlockConcrete_02_128_390" parent="." instance=ExtResource("14_xcj7v")]
transform = Transform3D(-0.999832, 0, -0.0183075, 0, 1, 0, 0.0183075, 0, -0.999832, -47.2245, 58.9123, -233.669)

[node name="BarrierBlockConcrete_02_128_391" parent="." instance=ExtResource("14_xcj7v")]
transform = Transform3D(-0.999832, 0, -0.0183075, 0, 1, 0, 0.0183075, 0, -0.999832, -48.6132, 60.6822, -233.652)

[node name="BarrierBlockConcrete_02_128_392" parent="." instance=ExtResource("14_xcj7v")]
transform = Transform3D(-0.999832, 0, -0.0183075, 0, 1, 0, 0.0183075, 0, -0.999832, -49.8789, 60.6822, -233.652)

[node name="BarrierBlockConcrete_02_128_393" parent="." instance=ExtResource("14_xcj7v")]
transform = Transform3D(-0.999832, 0, -0.0183075, 0, 1, 0, 0.0183075, 0, -0.999832, -47.2245, 60.6822, -233.669)

[node name="BarrierBlockConcrete_02_128_394" parent="." instance=ExtResource("14_xcj7v")]
transform = Transform3D(-0.0725072, 0, 0.997368, 0, 1, 0, -0.997368, 0, -0.0725072, 38.1243, 56.4335, -247.358)

[node name="BarrierBlockConcrete_02_128_395" parent="." instance=ExtResource("14_xcj7v")]
transform = Transform3D(-0.0725072, 0, 0.997368, 0, 1, 0, -0.997368, 0, -0.0725072, 38.1243, 57.6612, -247.358)

[node name="BarrierBlockConcrete_02_128_396" parent="." instance=ExtResource("14_xcj7v")]
transform = Transform3D(0.998516, 0, 0.0544623, 0, 1, 0, -0.0544623, 0, 0.998516, 58.3222, 56.5815, -265.471)

[node name="BarrierStoneBlock_01_H69" parent="." instance=ExtResource("8_no2ds")]
transform = Transform3D(1, 0, 0, 0, 1, 0, 0, 0, 1, 36.7829, 60.5497, -254.353)

[node name="BarrierStoneBlock_01_H70" parent="." instance=ExtResource("8_no2ds")]
transform = Transform3D(1, 0, 0, 0, 1, 0, 0, 0, 1, 36.7829, 60.5497, -249.054)

[node name="BarrierStoneBlock_01_H71" parent="." instance=ExtResource("8_no2ds")]
transform = Transform3D(1, 0, 0, 0, 1, 0, 0, 0, 1, 36.7829, 60.5497, -243.121)

[node name="BarrierBlockConcrete_01_256x180_A4" parent="." instance=ExtResource("17_5expp")]
transform = Transform3D(-0.00453781, 0, 0.99999, 0, 1, 0, -0.99999, 0, -0.00453781, -20.5842, 57.8058, -236.844)

[node name="BarrierBlockConcrete_02_128_180" parent="." instance=ExtResource("14_xcj7v")]
transform = Transform3D(1, 0, 0, 0, 1, 0, 0, 0, 1, -40.9723, 63.603, -233.123)

[node name="BarrierStoneBlock_01_H39" parent="." instance=ExtResource("8_no2ds")]
transform = Transform3D(0.929661, 0, 0.368417, 0, 1, 0, -0.368417, 0, 0.929661, -25.1907, 53.358, -429.449)

[node name="BarrierStoneBlock_01_H40" parent="." instance=ExtResource("8_no2ds")]
transform = Transform3D(0.925593, 0, 0.378519, 0, 1, 0, -0.378519, 0, 0.925593, -23.0567, 53.358, -424.513)

[node name="BarrierStoneBlock_01_H41" parent="." instance=ExtResource("8_no2ds")]
transform = Transform3D(0.925692, 0, 0.378277, 0, 1, 0, -0.378277, 0, 0.925692, -20.9797, 53.358, -419.788)

[node name="BarrierStoneBlock_01_H42" parent="." instance=ExtResource("8_no2ds")]
transform = Transform3D(0.999596, 0, 0.0284102, 0, 1, 0, -0.0284102, 0, 0.999596, -3.7379, 54.0634, -373.35)

[node name="BarrierStoneBlock_01_H43" parent="." instance=ExtResource("8_no2ds")]
transform = Transform3D(0.999596, 0, 0.0284102, 0, 1, 0, -0.0284102, 0, 0.999596, -3.7379, 54.0634, -369.122)

[node name="BarrierStoneBlock_01_H44" parent="." instance=ExtResource("8_no2ds")]
transform = Transform3D(0.999596, 0, 0.0284102, 0, 1, 0, -0.0284102, 0, 0.999596, -3.7379, 54.0634, -365.131)

[node name="BarrierStoneBlock_01_H45" parent="." instance=ExtResource("8_no2ds")]
