[gd_scene load_steps=20 format=3 uid="uid://pmkq8imf6mne"]

[ext_resource type="PackedScene" path="res://objects/Gameplay/Common/HQ_PlayerSpawner.tscn" id="1_w426r"]
[ext_resource type="PackedScene" path="res://objects/entities/SpawnPoint.tscn" id="2_k8rg5"]
[ext_resource type="PackedScene" path="res://objects/props/FlagPole_01_USA.tscn" id="3_amyel"]
[ext_resource type="PackedScene" path="res://objects/Gameplay/Common/InteractPoint.tscn" id="4_4lr6p"]
[ext_resource type="Script" uid="uid://3hvpbglts2bi" path="res://scripts/gameplay/common/WorldIcon.gd" id="5_0xedp"]
[ext_resource type="PackedScene" path="res://objects/Gameplay/Common/WorldIcon.tscn" id="6_h0p2a"]
[ext_resource type="PackedScene" uid="uid://jv31so3xcr7p" path="res://addons/bf_portal/portal_tools/types/PolygonVolume/PolygonVolume.tscn" id="7_aa005"]
[ext_resource type="PackedScene" path="res://objects/gameplay/common/VehicleSpawner.tscn" id="8_6d2p5"]
[ext_resource type="PackedScene" path="res://objects/Gameplay/Common/CombatArea.tscn" id="9_h4can"]
[ext_resource type="PackedScene" path="res://objects/uncategorized/GMetroBus_01_Brooklyn.tscn" id="9_k8rg5"]
[ext_resource type="PackedScene" path="res://objects/Gameplay/Common/DeployCam.tscn" id="10_2urnc"]
[ext_resource type="PackedScene" path="res://static/MP_Dumbo_Terrain.tscn" id="11_yl7n1"]
[ext_resource type="PackedScene" path="res://static/MP_Dumbo_Assets.tscn" id="12_kxo62"]
[ext_resource type="PackedScene" path="res://objects/Gameplay/Conquest/CapturePoint.tscn" id="13_122k2"]
[ext_resource type="PackedScene" path="res://objects/props/BarrierBlockConcrete_02_128_180.tscn" id="14_ril3m"]
[ext_resource type="PackedScene" path="res://objects/Gameplay/Common/Sector.tscn" id="15_d36h1"]
[ext_resource type="PackedScene" path="res://objects/gameplay/common/AreaTrigger.tscn" id="16_0xby5"]
[ext_resource type="PackedScene" path="res://objects/props/BarrierBlockConcrete_01_256x180_A.tscn" id="17_i001t"]
[ext_resource type="PackedScene" path="res://objects/props/BarrierStoneBlock_01_H.tscn" id="19_amyel"]

[node name="MP_Dumbo" type="Node3D"]

[node name="TEAM_1_HQ" parent="." node_paths=PackedStringArray("HQArea", "InfantrySpawns") instance=ExtResource("1_w426r")]
transform = Transform3D(1, 0, 0, 0, 1, 0, 0, 0, 1, -78.2275, 53.1235, -424.186)
AltTeam = 0
ObjId = 1
HQArea = NodePath("HQ_Team1")
InfantrySpawns = [NodePath("SpawnPoint_1_1"), NodePath("SpawnPoint_1_2"), NodePath("SpawnPoint_1_3"), NodePath("SpawnPoint_1_4")]

[node name="SpawnPoint_1_1" parent="TEAM_1_HQ" instance=ExtResource("2_k8rg5")]
transform = Transform3D(0.999884, 0, -0.0152535, 0, 1, 0, 0.0152535, 0, 0.999884, 9.90999, -0.0449829, -15.8579)

[node name="SpawnPoint_1_2" parent="TEAM_1_HQ" instance=ExtResource("2_k8rg5")]
transform = Transform3D(-0.554597, 0, 0.832119, 0, 1, 0, -0.832119, 0, -0.554597, -28.2397, -0.186359, -2.30087)

[node name="SpawnPoint_1_3" parent="TEAM_1_HQ" instance=ExtResource("2_k8rg5")]
transform = Transform3D(0.742678, 0, 0.669649, 0, 1, 0, -0.669649, 0, 0.742678, -1.14918, 0.202267, -19.2751)

[node name="SpawnPoint_1_4" parent="TEAM_1_HQ" instance=ExtResource("2_k8rg5")]
transform = Transform3D(0.408904, 0, 0.912577, 0, 1, 0, -0.912577, 0, 0.408904, 3.58978, 0.0583, 3.01303)

[node name="InteractArea" parent="TEAM_1_HQ" instance=ExtResource("3_amyel")]
transform = Transform3D(-4.37114e-08, 0, 1, 0, 1, 0, -1, 0, -4.37114e-08, 0, 0, 0)

[node name="InteractPointChangeTeam" parent="TEAM_1_HQ/InteractArea" instance=ExtResource("4_4lr6p")]
transform = Transform3D(1, 0, 0, 0, 1, 0, 0, 0, 1, 3, 1, 0)
ObjId = 2001

[node name="WorldIcon" type="Node3D" parent="TEAM_1_HQ/InteractArea/InteractPointChangeTeam"]
script = ExtResource("5_0xedp")
ObjId = 5001
iconTextVisible = true
iconColor = [0.0, 1.0, 0.0]
iconImagePicker = 6
iconImageVisible = true
iconTeamOwnerId = 1

[node name="InteractPointReady" parent="TEAM_1_HQ/InteractArea" instance=ExtResource("4_4lr6p")]
transform = Transform3D(1, 0, 0, 0, 1, 0, 0, 0, 1, -3, 1, 0)
ObjId = 2002

[node name="WorldIcon" type="Node3D" parent="TEAM_1_HQ/InteractArea/InteractPointReady"]
script = ExtResource("5_0xedp")
ObjId = 5002
iconTextVisible = true
iconColor = [0.0, 0.5, 1.0]
iconImagePicker = 7
iconImageVisible = true
iconTeamOwnerId = 1

[node name="InteractPointSpectate" parent="TEAM_1_HQ/InteractArea" instance=ExtResource("4_4lr6p")]
transform = Transform3D(1, 0, 0, 0, 1, 0, 0, 0, 1, -7.15036, 1, -20.2018)
ObjId = 6001

[node name="WorldIcon" parent="TEAM_1_HQ/InteractArea" instance=ExtResource("6_h0p2a")]
transform = Transform3D(1, 0, 0, 0, 1, 0, 0, 0, 1, 0, 1, 0)
ObjId = 5011
iconTextVisible = true
iconColor = [0.0, 0.0, 1.0]
iconImagePicker = 7
iconTeamOwnerId = 1

[node name="HQ_Team1" parent="TEAM_1_HQ" instance=ExtResource("7_aa005")]
transform = Transform3D(1, 0, 0, 0, 1, 0, 0, 0, 1, 0.268, 0, 16.912)
points = PackedVector2Array(-23.8839, 87.7686, 30.6872, -40.2654, -80.4125, -39.5174, -78.4105, 143.055, -24.265, 142.17)

[node name="IFVSpawner" parent="TEAM_1_HQ" instance=ExtResource("8_6d2p5")]
transform = Transform3D(-1, 0, -8.74228e-08, 0, 1, 0, 8.74228e-08, 0, -1, -31.3895, 0.232624, 2.45786)
ObjId = 701
VehicleType = 16
P_DefaultRespawnTime = 120

[node name="TransportSpawner" parent="TEAM_1_HQ" instance=ExtResource("8_6d2p5")]
transform = Transform3D(-4.37114e-08, 0, 1, 0, 1, 0, -1, 0, -4.37114e-08, -12.088, 0.3508, -3.83484)
ObjId = 703
VehicleType = 12
P_DefaultRespawnTime = 30

[node name="TEAM_2_HQ" parent="." node_paths=PackedStringArray("HQArea", "InfantrySpawns") instance=ExtResource("1_w426r")]
transform = Transform3D(1, 0, 0, 0, 1, 0, 0, 0, 1, 139.069, 55.53, -369.278)
Team = 2
AltTeam = 0
ObjId = 2
HQArea = NodePath("HQ_Team2")
InfantrySpawns = [NodePath("SpawnPoint_2_1"), NodePath("SpawnPoint_2_2"), NodePath("SpawnPoint_2_3"), NodePath("SpawnPoint_2_4")]

[node name="SpawnPoint_2_1" parent="TEAM_2_HQ" instance=ExtResource("2_k8rg5")]
transform = Transform3D(-0.861532, 0, -0.507703, 0, 1, 0, 0.507703, 0, -0.861532, -10.5351, 0.173546, -11.5745)

[node name="SpawnPoint_2_2" parent="TEAM_2_HQ" instance=ExtResource("2_k8rg5")]
transform = Transform3D(0.986418, 0, -0.164256, 0, 1, 0, 0.164256, 0, 0.986418, -3.62985, -0.0899467, -4.99121)

[node name="SpawnPoint_2_3" parent="TEAM_2_HQ" instance=ExtResource("2_k8rg5")]
transform = Transform3D(0.839278, 0, -0.543702, 0, 1, 0, 0.543702, 0, 0.839278, 3.42146, -0.327847, -25.8139)

[node name="SpawnPoint_2_4" parent="TEAM_2_HQ" instance=ExtResource("2_k8rg5")]
transform = Transform3D(-0.648001, 0, -0.761639, 0, 1, 0, 0.761639, 0, -0.648001, -8.22052, 0.192039, 27.9785)

[node name="HQ_Team2" parent="TEAM_2_HQ" instance=ExtResource("7_aa005")]
transform = Transform3D(1, 0, 0, 0, 1, 0, 0, 0, 1, 2.161, 0, -16.798)
points = PackedVector2Array(14.7695, 45.4444, 2.62755, -17.6006, -69.2253, -49.8627, -33.7985, 93.5454, 20.3736, 118.763)

[node name="InteractArea" parent="TEAM_2_HQ" instance=ExtResource("3_amyel")]
transform = Transform3D(-4.37114e-08, 0, -1, 0, 1, 0, 1, 0, -4.37114e-08, 0, 0, 0)

[node name="InteractPointChangeTeam" parent="TEAM_2_HQ/InteractArea" instance=ExtResource("4_4lr6p")]
transform = Transform3D(1, 0, 0, 0, 1, 0, 0, 0, 1, 3, 1, 0)
ObjId = 2003

[node name="WorldIcon" type="Node3D" parent="TEAM_2_HQ/InteractArea/InteractPointChangeTeam"]
script = ExtResource("5_0xedp")
ObjId = 5003
iconTextVisible = true
iconColor = [0.0, 1.0, 0.0]
iconImagePicker = 6
iconImageVisible = true
iconTeamOwnerId = 2

[node name="InteractPointReady" parent="TEAM_2_HQ/InteractArea" instance=ExtResource("4_4lr6p")]
transform = Transform3D(1, 0, 0, 0, 1, 0, 0, 0, 1, -3, 1, 0)
ObjId = 2004

[node name="WorldIcon" type="Node3D" parent="TEAM_2_HQ/InteractArea/InteractPointReady"]
script = ExtResource("5_0xedp")
ObjId = 5004
iconTextVisible = true
iconColor = [0.0, 0.5, 1.0]
iconImagePicker = 7
iconImageVisible = true
iconTeamOwnerId = 2

[node name="WorldIcon" parent="TEAM_2_HQ/InteractArea" instance=ExtResource("6_h0p2a")]
transform = Transform3D(1, 0, 0, 0, 1, 0, 0, 0, 1, 0, 2, 0)
ObjId = 5012
iconTextVisible = true
iconColor = [0.0, 0.0, 1.0]
iconImagePicker = 7
iconTeamOwnerId = 2

[node name="IFVSpawner" parent="TEAM_2_HQ" instance=ExtResource("8_6d2p5")]
transform = Transform3D(-1, 0, -8.74228e-08, 0, 1, 0, 8.74228e-08, 0, -1, -8.09645, 0.505051, -10.1305)
ObjId = 702
VehicleType = 3
P_DefaultRespawnTime = 120

[node name="GMetroBus_01_Brooklyn" parent="TEAM_2_HQ" instance=ExtResource("9_k8rg5")]
transform = Transform3D(0.0792595, 0, -0.996854, 0, 1, 0, 0.996854, 0, 0.0792595, -47.2012, -1.56216, -34.3074)

[node name="TransportSpawner2" parent="TEAM_2_HQ" instance=ExtResource("8_6d2p5")]
transform = Transform3D(1, 0, 0, 0, 1, 0, 0, 0, 1, -2.75401, 0.588516, 6.92157)
ObjId = 704
VehicleType = 8
P_DefaultRespawnTime = 30

[node name="CombatArea" parent="." node_paths=PackedStringArray("CombatVolume") instance=ExtResource("9_h4can")]
transform = Transform3D(1, 0, 0, 0, 1, 0, 0, 0, 1, -110.236, 0, -325.59)
CombatVolume = NodePath("CombatVolume")

[node name="CombatVolume" parent="CombatArea" instance=ExtResource("7_aa005")]
transform = Transform3D(1, 0, 0, 0, 1, 0, 0, 0, 1, 87.288, 100, 44.77)
points = PackedVector2Array(11.4231, -167.167, -24.3034, -166.838, -78.8452, -38.8763, -79.7267, 53.8234, -79.8617, 64.7184, -70.6747, 64.6334, -70.3317, 96.0544, -57.2169, 96.8914, -57.7587, 116.66, 155.379, 121.267, 184.552, 13.0407, 131.314, -10.3093, 94.8878, -155.079, 65.6503, -167.981)

[node name="Camera3D" type="Camera3D" parent="."]
transform = Transform3D(1, 0, 0, 0, 0.101056, 0.994881, 0, -0.994881, 0.101056, 8.53552, 390.265, -286.689)

[node name="DeployCam" parent="Camera3D" instance=ExtResource("10_2urnc")]
transform = Transform3D(1, 0, 0, 0, -4.37114e-08, 1, 0, -1, -4.37114e-08, 0, 0, 0)

[node name="Static" type="Node3D" parent="."]

[node name="MP_Dumbo_Terrain" parent="Static" instance=ExtResource("11_yl7n1")]
metadata/_edit_lock_ = true

[node name="MP_Dumbo_Assets" parent="Static" instance=ExtResource("12_kxo62")]
metadata/_edit_lock_ = true

[node name="CapturePointA" parent="." node_paths=PackedStringArray("CaptureArea", "InfantrySpawnPoints_Team1", "InfantrySpawnPoints_Team2") instance=ExtResource("13_122k2")]
transform = Transform3D(1, 0, 0, 0, 1, 0, 0, 0, 1, -39.5652, 56.0371, -243.959)
ObjId = 201
CaptureArea = NodePath("CaptureArea")
InfantrySpawnPoints_Team1 = [NodePath("Team1/SpawnPoint"), NodePath("Team1/SpawnPoint2"), NodePath("Team1/SpawnPoint3"), NodePath("Team1/SpawnPoint4"), NodePath("Team1/SpawnPoint5")]
InfantrySpawnPoints_Team2 = [NodePath("Team2/SpawnPoint"), NodePath("Team2/SpawnPoint2"), NodePath("Team2/SpawnPoint3"), NodePath("Team2/SpawnPoint4"), NodePath("Team2/SpawnPoint5")]

[node name="CaptureArea" parent="CapturePointA" instance=ExtResource("7_aa005")]
transform = Transform3D(1, 0, 0, 0, 1, 0, 0, 0, 1, 0, 0, 3.58723)
points = PackedVector2Array(-11.7273, -12.3385, -11.3952, 5.45724, 11.7566, 5.39359, 11.3944, -12.5242)
height = 6.0

[node name="Team1" type="Node3D" parent="CapturePointA"]

[node name="SpawnPoint" parent="CapturePointA/Team1" instance=ExtResource("2_k8rg5")]
transform = Transform3D(-0.987601, 0, 0.156986, 0, 1, 0, -0.156986, 0, -0.987601, -60.231, 1.04865, 11.3734)

[node name="SpawnPoint2" parent="CapturePointA/Team1" instance=ExtResource("2_k8rg5")]
transform = Transform3D(-0.982878, 0, 0.18426, 0, 1, 0, -0.18426, 0, -0.982878, -60.6903, -1.30885, -21.4628)

[node name="SpawnPoint3" parent="CapturePointA/Team1" instance=ExtResource("2_k8rg5")]
transform = Transform3D(0.405301, 0, 0.914183, 0, 1, 0, -0.914183, 0, 0.405301, -52.3459, -1.32336, -38.9444)

[node name="SpawnPoint4" parent="CapturePointA/Team1" instance=ExtResource("2_k8rg5")]
transform = Transform3D(0.0808947, 0, 0.996723, 0, 1, 0, -0.996723, 0, 0.0808947, -39.1163, 2.99311, 44.2106)

[node name="SpawnPoint5" parent="CapturePointA/Team1" instance=ExtResource("2_k8rg5")]
transform = Transform3D(-0.511383, 0, 0.859353, 0, 1, 0, -0.859353, 0, -0.511383, -45.2231, 0.245003, -56.3314)

[node name="Team2" type="Node3D" parent="CapturePointA"]

[node name="SpawnPoint" parent="CapturePointA/Team2" instance=ExtResource("2_k8rg5")]
transform = Transform3D(-0.935826, 0, -0.352462, 0, 1, 0, 0.352462, 0, -0.935826, 43.0371, 1.42652, 24.8783)

[node name="SpawnPoint2" parent="CapturePointA/Team2" instance=ExtResource("2_k8rg5")]
transform = Transform3D(1, 0, 0, 0, 1, 0, 0, 0, 1, 30.2058, -0.730911, -47.0865)

[node name="SpawnPoint3" parent="CapturePointA/Team2" instance=ExtResource("2_k8rg5")]
transform = Transform3D(0.638002, 0, 0.770035, 0, 1, 0, -0.770035, 0, 0.638002, 37.3315, 1.01458, -7.26703)

[node name="SpawnPoint4" parent="CapturePointA/Team2" instance=ExtResource("2_k8rg5")]
transform = Transform3D(0.166304, 0, -0.986075, 0, 1, 0, 0.986075, 0, 0.166304, -7.96759, 3.93818, 54.0918)

[node name="SpawnPoint5" parent="CapturePointA/Team2" instance=ExtResource("2_k8rg5")]
transform = Transform3D(-0.144944, 0, 0.98944, 0, 1, 0, -0.98944, 0, -0.144944, 20.0638, 4.20977, 50.3313)

[node name="BarrierBlockConcrete_02_128_180" parent="CapturePointA" instance=ExtResource("14_ril3m")]
transform = Transform3D(-0.00132895, 0.997682, -0.0680372, 0.0194837, 0.0680502, 0.997492, 0.999809, 0, -0.019529, -6.64591, 4.02072, -22.4032)

[node name="BarrierBlockConcrete_02_128_181" parent="CapturePointA" instance=ExtResource("14_ril3m")]
transform = Transform3D(-0.00132895, 0.997682, -0.0680372, 0.0194837, 0.0680502, 0.997492, 0.999809, 0, -0.019529, -4.8828, 4.02072, -22.4032)

[node name="BarrierBlockConcrete_02_128_182" parent="CapturePointA" instance=ExtResource("14_ril3m")]
transform = Transform3D(-0.00596894, 0, 0.999982, 0, 1, 0, -0.999982, 0, -0.00596894, -11.7487, -0.0559578, -12.383)

[node name="BarrierBlockConcrete_02_128_183" parent="CapturePointA" instance=ExtResource("14_ril3m")]
transform = Transform3D(-0.00596894, 0, 0.999982, 0, 1, 0, -0.999982, 0, -0.00596894, -11.7487, -0.0559578, -10.9941)

[node name="BarrierBlockConcrete_02_128_184" parent="CapturePointA" instance=ExtResource("14_ril3m")]
transform = Transform3D(-0.00596894, 0, 0.999982, 0, 1, 0, -0.999982, 0, -0.00596894, -11.7487, 1.71586, -12.383)

[node name="BarrierBlockConcrete_02_128_185" parent="CapturePointA" instance=ExtResource("14_ril3m")]
transform = Transform3D(-0.00596894, 0, 0.999982, 0, 1, 0, -0.999982, 0, -0.00596894, -11.7487, 1.71586, -10.9941)

[node name="BarrierBlockConcrete_02_128_208" parent="CapturePointA" instance=ExtResource("14_ril3m")]
transform = Transform3D(-0.00596894, 0, 0.999982, 0, 1, 0, -0.999982, 0, -0.00596894, -11.7487, 3.47257, -12.383)

[node name="BarrierBlockConcrete_02_128_269" parent="CapturePointA" instance=ExtResource("14_ril3m")]
transform = Transform3D(-0.00596894, 0, 0.999982, 0, 1, 0, -0.999982, 0, -0.00596894, -11.7487, 3.47257, -10.9941)

[node name="BarrierBlockConcrete_02_128_186" parent="CapturePointA" instance=ExtResource("14_ril3m")]
transform = Transform3D(-0.00596894, 0, 0.999982, 0, 1, 0, -0.999982, 0, -0.00596894, 13.5394, 0.0222931, 12.5148)

[node name="BarrierBlockConcrete_02_128_187" parent="CapturePointA" instance=ExtResource("14_ril3m")]
transform = Transform3D(-0.00596894, 0, 0.999982, 0, 1, 0, -0.999982, 0, -0.00596894, 13.5394, 0.0222931, 13.9037)

[node name="BarrierBlockConcrete_02_128_188" parent="CapturePointA" instance=ExtResource("14_ril3m")]
transform = Transform3D(-0.00596894, 0, 0.999982, 0, 1, 0, -0.999982, 0, -0.00596894, 13.5394, 1.79411, 12.5148)

[node name="BarrierBlockConcrete_02_128_189" parent="CapturePointA" instance=ExtResource("14_ril3m")]
transform = Transform3D(-0.00596894, 0, 0.999982, 0, 1, 0, -0.999982, 0, -0.00596894, 13.5394, 1.79411, 13.9037)

[node name="BarrierBlockConcrete_02_128_273" parent="CapturePointA" instance=ExtResource("14_ril3m")]
transform = Transform3D(-0.00596894, 0, 0.999982, 0, 1, 0, -0.999982, 0, -0.00596894, 13.5394, 3.56476, 12.5148)

[node name="BarrierBlockConcrete_02_128_274" parent="CapturePointA" instance=ExtResource("14_ril3m")]
transform = Transform3D(-0.00596894, 0, 0.999982, 0, 1, 0, -0.999982, 0, -0.00596894, 13.5394, 3.56476, 13.9037)

[node name="BarrierBlockConcrete_02_128_190" parent="CapturePointA" instance=ExtResource("14_ril3m")]
transform = Transform3D(-0.999832, 0, -0.0183075, 0, 1, 0, 0.0183075, 0, -0.999832, 11.2934, 0.665314, -9.81181)

[node name="BarrierBlockConcrete_02_128_191" parent="CapturePointA" instance=ExtResource("14_ril3m")]
transform = Transform3D(-0.999832, 0, -0.0183075, 0, 1, 0, 0.0183075, 0, -0.999832, 12.6822, 0.665314, -9.82896)

[node name="BarrierBlockConcrete_02_128_204" parent="CapturePointA" instance=ExtResource("14_ril3m")]
transform = Transform3D(-0.00987843, 0, -0.999951, 0, 1, 0, 0.999951, 0, -0.00987843, 17.8437, 3.831, -22.5646)

[node name="BarrierBlockConcrete_02_128_205" parent="CapturePointA" instance=ExtResource("14_ril3m")]
transform = Transform3D(-0.00987843, 0, -0.999951, 0, 1, 0, 0.999951, 0, -0.00987843, 17.8657, 3.831, -23.9534)

[node name="BarrierBlockConcrete_02_128_209" parent="CapturePointA" instance=ExtResource("14_ril3m")]
transform = Transform3D(1, 0, 0, 0, 1, 0, 0, 0, 1, 15.5349, 3.831, -23.4857)

[node name="BarrierBlockConcrete_02_128_210" parent="CapturePointA" instance=ExtResource("14_ril3m")]
transform = Transform3D(1, 0, 0, 0, 1, 0, 0, 0, 1, 16.8006, 3.831, -23.4857)

[node name="BarrierBlockConcrete_02_128_211" parent="CapturePointA" instance=ExtResource("14_ril3m")]
transform = Transform3D(1, 0, 0, 0, 1, 0, 0, 0, 1, 15.5349, 5.62807, -23.4857)

[node name="BarrierBlockConcrete_02_128_212" parent="CapturePointA" instance=ExtResource("14_ril3m")]
transform = Transform3D(1, 0, 0, 0, 1, 0, 0, 0, 1, 16.8006, 5.62807, -23.4857)

[node name="BarrierBlockConcrete_02_128_213" parent="CapturePointA" instance=ExtResource("14_ril3m")]
transform = Transform3D(1, 0, 0, 0, 1, 0, 0, 0, 1, 12.9163, 3.831, -23.4857)

[node name="BarrierBlockConcrete_02_128_214" parent="CapturePointA" instance=ExtResource("14_ril3m")]
transform = Transform3D(1, 0, 0, 0, 1, 0, 0, 0, 1, 14.182, 3.831, -23.4857)

[node name="BarrierBlockConcrete_02_128_215" parent="CapturePointA" instance=ExtResource("14_ril3m")]
transform = Transform3D(1, 0, 0, 0, 1, 0, 0, 0, 1, 12.9163, 5.62807, -23.4857)

[node name="BarrierBlockConcrete_02_128_216" parent="CapturePointA" instance=ExtResource("14_ril3m")]
transform = Transform3D(1, 0, 0, 0, 1, 0, 0, 0, 1, 14.182, 5.62807, -23.4857)

[node name="BarrierBlockConcrete_02_128_217" parent="CapturePointA" instance=ExtResource("14_ril3m")]
transform = Transform3D(1, 0, 0, 0, 1, 0, 0, 0, 1, 10.3282, 3.831, -23.4857)

[node name="BarrierBlockConcrete_02_128_218" parent="CapturePointA" instance=ExtResource("14_ril3m")]
transform = Transform3D(1, 0, 0, 0, 1, 0, 0, 0, 1, 11.5939, 3.831, -23.4857)

[node name="BarrierBlockConcrete_02_128_219" parent="CapturePointA" instance=ExtResource("14_ril3m")]
transform = Transform3D(1, 0, 0, 0, 1, 0, 0, 0, 1, 10.3282, 5.62807, -23.4857)

[node name="BarrierBlockConcrete_02_128_220" parent="CapturePointA" instance=ExtResource("14_ril3m")]
transform = Transform3D(1, 0, 0, 0, 1, 0, 0, 0, 1, 11.5939, 5.62807, -23.4857)

[node name="BarrierBlockConcrete_02_128_221" parent="CapturePointA" instance=ExtResource("14_ril3m")]
transform = Transform3D(1, 0, 0, 0, 1, 0, 0, 0, 1, 7.73608, 3.831, -23.4857)

[node name="BarrierBlockConcrete_02_128_222" parent="CapturePointA" instance=ExtResource("14_ril3m")]
transform = Transform3D(1, 0, 0, 0, 1, 0, 0, 0, 1, 9.0018, 3.831, -23.4857)

[node name="BarrierBlockConcrete_02_128_223" parent="CapturePointA" instance=ExtResource("14_ril3m")]
transform = Transform3D(1, 0, 0, 0, 1, 0, 0, 0, 1, 7.73608, 5.62807, -23.4857)

[node name="BarrierBlockConcrete_02_128_224" parent="CapturePointA" instance=ExtResource("14_ril3m")]
transform = Transform3D(1, 0, 0, 0, 1, 0, 0, 0, 1, 9.0018, 5.62807, -23.4857)

[node name="BarrierBlockConcrete_02_128_225" parent="CapturePointA" instance=ExtResource("14_ril3m")]
transform = Transform3D(1, 0, 0, 0, 1, 0, 0, 0, 1, 5.17718, 3.831, -23.4857)

[node name="BarrierBlockConcrete_02_128_226" parent="CapturePointA" instance=ExtResource("14_ril3m")]
transform = Transform3D(1, 0, 0, 0, 1, 0, 0, 0, 1, 6.44291, 3.831, -23.4857)

[node name="BarrierBlockConcrete_02_128_227" parent="CapturePointA" instance=ExtResource("14_ril3m")]
transform = Transform3D(1, 0, 0, 0, 1, 0, 0, 0, 1, 5.17718, 5.62807, -23.4857)

[node name="BarrierBlockConcrete_02_128_228" parent="CapturePointA" instance=ExtResource("14_ril3m")]
transform = Transform3D(1, 0, 0, 0, 1, 0, 0, 0, 1, 6.44291, 5.62807, -23.4857)

[node name="BarrierBlockConcrete_02_128_229" parent="CapturePointA" instance=ExtResource("14_ril3m")]
transform = Transform3D(1, 0, 0, 0, 1, 0, 0, 0, 1, 2.60489, 3.831, -23.4857)

[node name="BarrierBlockConcrete_02_128_230" parent="CapturePointA" instance=ExtResource("14_ril3m")]
transform = Transform3D(1, 0, 0, 0, 1, 0, 0, 0, 1, 3.87062, 3.831, -23.4857)

[node name="BarrierBlockConcrete_02_128_231" parent="CapturePointA" instance=ExtResource("14_ril3m")]
transform = Transform3D(1, 0, 0, 0, 1, 0, 0, 0, 1, 2.60489, 5.62807, -23.4857)

[node name="BarrierBlockConcrete_02_128_232" parent="CapturePointA" instance=ExtResource("14_ril3m")]
transform = Transform3D(1, 0, 0, 0, 1, 0, 0, 0, 1, 3.87062, 5.62807, -23.4857)

[node name="BarrierBlockConcrete_02_128_233" parent="CapturePointA" instance=ExtResource("14_ril3m")]
transform = Transform3D(1, 0, 0, 0, 1, 0, 0, 0, 1, 0.0234795, 3.831, -23.4857)

[node name="BarrierBlockConcrete_02_128_234" parent="CapturePointA" instance=ExtResource("14_ril3m")]
transform = Transform3D(1, 0, 0, 0, 1, 0, 0, 0, 1, 1.28921, 3.831, -23.4857)

[node name="BarrierBlockConcrete_02_128_235" parent="CapturePointA" instance=ExtResource("14_ril3m")]
transform = Transform3D(1, 0, 0, 0, 1, 0, 0, 0, 1, 0.0234795, 5.62807, -23.4857)

[node name="BarrierBlockConcrete_02_128_236" parent="CapturePointA" instance=ExtResource("14_ril3m")]
transform = Transform3D(1, 0, 0, 0, 1, 0, 0, 0, 1, 1.28921, 5.62807, -23.4857)

[node name="BarrierBlockConcrete_02_128_237" parent="CapturePointA" instance=ExtResource("14_ril3m")]
transform = Transform3D(1, 0, 0, 0, 1, 0, 0, 0, 1, -2.55304, 3.831, -23.4857)

[node name="BarrierBlockConcrete_02_128_238" parent="CapturePointA" instance=ExtResource("14_ril3m")]
transform = Transform3D(1, 0, 0, 0, 1, 0, 0, 0, 1, -1.28731, 3.831, -23.4857)

[node name="BarrierBlockConcrete_02_128_239" parent="CapturePointA" instance=ExtResource("14_ril3m")]
transform = Transform3D(1, 0, 0, 0, 1, 0, 0, 0, 1, -2.55304, 5.62807, -23.4857)

[node name="BarrierBlockConcrete_02_128_240" parent="CapturePointA" instance=ExtResource("14_ril3m")]
transform = Transform3D(1, 0, 0, 0, 1, 0, 0, 0, 1, -1.28731, 5.62807, -23.4857)

[node name="BarrierBlockConcrete_02_128_241" parent="CapturePointA" instance=ExtResource("14_ril3m")]
transform = Transform3D(1, 0, 0, 0, 1, 0, 0, 0, 1, -5.08199, 3.831, -23.4857)

[node name="BarrierBlockConcrete_02_128_242" parent="CapturePointA" instance=ExtResource("14_ril3m")]
transform = Transform3D(1, 0, 0, 0, 1, 0, 0, 0, 1, -3.81626, 3.831, -23.4857)

[node name="BarrierBlockConcrete_02_128_243" parent="CapturePointA" instance=ExtResource("14_ril3m")]
transform = Transform3D(1, 0, 0, 0, 1, 0, 0, 0, 1, -5.08199, 5.62807, -23.4857)

[node name="BarrierBlockConcrete_02_128_244" parent="CapturePointA" instance=ExtResource("14_ril3m")]
transform = Transform3D(1, 0, 0, 0, 1, 0, 0, 0, 1, -3.81626, 5.62807, -23.4857)

[node name="BarrierBlockConcrete_02_128_245" parent="CapturePointA" instance=ExtResource("14_ril3m")]
transform = Transform3D(1, 0, 0, 0, 1, 0, 0, 0, 1, -7.65751, 3.831, -23.4857)

[node name="BarrierBlockConcrete_02_128_246" parent="CapturePointA" instance=ExtResource("14_ril3m")]
transform = Transform3D(1, 0, 0, 0, 1, 0, 0, 0, 1, -6.39178, 3.831, -23.4857)

[node name="BarrierBlockConcrete_02_128_247" parent="CapturePointA" instance=ExtResource("14_ril3m")]
transform = Transform3D(1, 0, 0, 0, 1, 0, 0, 0, 1, -7.65751, 5.62807, -23.4857)

[node name="BarrierBlockConcrete_02_128_248" parent="CapturePointA" instance=ExtResource("14_ril3m")]
transform = Transform3D(1, 0, 0, 0, 1, 0, 0, 0, 1, -6.39178, 5.62807, -23.4857)

[node name="BarrierBlockConcrete_02_128_249" parent="CapturePointA" instance=ExtResource("14_ril3m")]
transform = Transform3D(1, 0, 0, 0, 1, 0, 0, 0, 1, -10.2356, 3.831, -23.4857)

[node name="BarrierBlockConcrete_02_128_250" parent="CapturePointA" instance=ExtResource("14_ril3m")]
transform = Transform3D(1, 0, 0, 0, 1, 0, 0, 0, 1, -8.96983, 3.831, -23.4857)

[node name="BarrierBlockConcrete_02_128_251" parent="CapturePointA" instance=ExtResource("14_ril3m")]
transform = Transform3D(1, 0, 0, 0, 1, 0, 0, 0, 1, -10.2356, 5.62807, -23.4857)

[node name="BarrierBlockConcrete_02_128_252" parent="CapturePointA" instance=ExtResource("14_ril3m")]
transform = Transform3D(1, 0, 0, 0, 1, 0, 0, 0, 1, -8.96983, 5.62807, -23.4857)

[node name="BarrierBlockConcrete_02_128_253" parent="CapturePointA" instance=ExtResource("14_ril3m")]
transform = Transform3D(1, 0, 0, 0, 1, 0, 0, 0, 1, -12.8313, 3.831, -23.4857)

[node name="BarrierBlockConcrete_02_128_254" parent="CapturePointA" instance=ExtResource("14_ril3m")]
transform = Transform3D(1, 0, 0, 0, 1, 0, 0, 0, 1, -11.5655, 3.831, -23.4857)

[node name="BarrierBlockConcrete_02_128_255" parent="CapturePointA" instance=ExtResource("14_ril3m")]
transform = Transform3D(1, 0, 0, 0, 1, 0, 0, 0, 1, -12.8313, 5.62807, -23.4857)

[node name="BarrierBlockConcrete_02_128_256" parent="CapturePointA" instance=ExtResource("14_ril3m")]
transform = Transform3D(1, 0, 0, 0, 1, 0, 0, 0, 1, -11.5655, 5.62807, -23.4857)

[node name="BarrierBlockConcrete_02_128_257" parent="CapturePointA" instance=ExtResource("14_ril3m")]
transform = Transform3D(1, 0, 0, 0, 1, 0, 0, 0, 1, -15.3993, 3.831, -23.4857)

[node name="BarrierBlockConcrete_02_128_258" parent="CapturePointA" instance=ExtResource("14_ril3m")]
transform = Transform3D(1, 0, 0, 0, 1, 0, 0, 0, 1, -14.1335, 3.831, -23.4857)

[node name="BarrierBlockConcrete_02_128_259" parent="CapturePointA" instance=ExtResource("14_ril3m")]
transform = Transform3D(1, 0, 0, 0, 1, 0, 0, 0, 1, -15.3993, 5.62807, -23.4857)

[node name="BarrierBlockConcrete_02_128_260" parent="CapturePointA" instance=ExtResource("14_ril3m")]
transform = Transform3D(1, 0, 0, 0, 1, 0, 0, 0, 1, -14.1335, 5.62807, -23.4857)

[node name="BarrierBlockConcrete_02_128_261" parent="CapturePointA" instance=ExtResource("14_ril3m")]
transform = Transform3D(1, 0, 0, 0, 1, 0, 0, 0, 1, -17.5444, 3.831, -23.4857)

[node name="BarrierBlockConcrete_02_128_262" parent="CapturePointA" instance=ExtResource("14_ril3m")]
transform = Transform3D(1, 0, 0, 0, 1, 0, 0, 0, 1, -16.2787, 3.831, -23.4857)

[node name="BarrierBlockConcrete_02_128_263" parent="CapturePointA" instance=ExtResource("14_ril3m")]
transform = Transform3D(1, 0, 0, 0, 1, 0, 0, 0, 1, -17.5444, 5.62807, -23.4857)

[node name="BarrierBlockConcrete_02_128_264" parent="CapturePointA" instance=ExtResource("14_ril3m")]
transform = Transform3D(1, 0, 0, 0, 1, 0, 0, 0, 1, -16.2787, 5.62807, -23.4857)

[node name="BarrierBlockConcrete_02_128_265" parent="CapturePointA" instance=ExtResource("14_ril3m")]
transform = Transform3D(-0.0592715, 0, 0.998242, 0, 1, 0, -0.998242, 0, -0.0592715, -16.514, 3.831, -20.9331)

[node name="BarrierBlockConcrete_02_128_266" parent="CapturePointA" instance=ExtResource("14_ril3m")]
transform = Transform3D(-0.0592715, 0, 0.998242, 0, 1, 0, -0.998242, 0, -0.0592715, -16.589, 3.831, -22.1966)

[node name="BarrierBlockConcrete_02_128_267" parent="CapturePointA" instance=ExtResource("14_ril3m")]
transform = Transform3D(-0.0592715, 0, 0.998242, 0, 1, 0, -0.998242, 0, -0.0592715, -16.514, 5.62807, -20.9331)

[node name="BarrierBlockConcrete_02_128_268" parent="CapturePointA" instance=ExtResource("14_ril3m")]
transform = Transform3D(-0.0592715, 0, 0.998242, 0, 1, 0, -0.998242, 0, -0.0592715, -16.589, 5.62807, -22.1966)

[node name="BarrierBlockConcrete_02_128_206" parent="CapturePointA" instance=ExtResource("14_ril3m")]
transform = Transform3D(-0.00987843, 0, -0.999951, 0, 1, 0, 0.999951, 0, -0.00987843, 17.8437, 5.67472, -22.5646)

[node name="BarrierBlockConcrete_02_128_207" parent="CapturePointA" instance=ExtResource("14_ril3m")]
transform = Transform3D(-0.00987843, 0, -0.999951, 0, 1, 0, 0.999951, 0, -0.00987843, 17.8657, 5.67472, -23.9534)

[node name="BarrierBlockConcrete_02_128_192" parent="CapturePointA" instance=ExtResource("14_ril3m")]
transform = Transform3D(-0.999832, 0, -0.0183075, 0, 1, 0, 0.0183075, 0, -0.999832, 11.2934, 2.43713, -9.81181)

[node name="BarrierBlockConcrete_02_128_194" parent="CapturePointA" instance=ExtResource("14_ril3m")]
transform = Transform3D(-0.999832, 0, -0.0183075, 0, 1, 0, 0.0183075, 0, -0.999832, 10.0278, 0.665314, -9.81181)

[node name="BarrierBlockConcrete_02_128_195" parent="CapturePointA" instance=ExtResource("14_ril3m")]
transform = Transform3D(-0.999832, 0, -0.0183075, 0, 1, 0, 0.0183075, 0, -0.999832, 10.0278, 2.43713, -9.81181)

[node name="BarrierBlockConcrete_02_128_193" parent="CapturePointA" instance=ExtResource("14_ril3m")]
transform = Transform3D(-0.999832, 0, -0.0183075, 0, 1, 0, 0.0183075, 0, -0.999832, 12.6822, 2.43713, -9.82896)

[node name="BarrierBlockConcrete_02_128_275" parent="CapturePointA" instance=ExtResource("14_ril3m")]
transform = Transform3D(-0.999832, 0, -0.0183075, 0, 1, 0, 0.0183075, 0, -0.999832, 11.2934, 4.24771, -9.81181)

[node name="BarrierBlockConcrete_02_128_276" parent="CapturePointA" instance=ExtResource("14_ril3m")]
transform = Transform3D(-0.999832, 0, -0.0183075, 0, 1, 0, 0.0183075, 0, -0.999832, 10.0278, 4.24771, -9.81181)

[node name="BarrierBlockConcrete_02_128_277" parent="CapturePointA" instance=ExtResource("14_ril3m")]
transform = Transform3D(-0.999832, 0, -0.0183075, 0, 1, 0, 0.0183075, 0, -0.999832, 12.6822, 4.24771, -9.82896)

[node name="BarrierBlockConcrete_02_128_196" parent="CapturePointA" instance=ExtResource("14_ril3m")]
transform = Transform3D(-0.999832, 0, -0.0183075, 0, 1, 0, 0.0183075, 0, -0.999832, -9.04803, 1.03131, 10.3071)

[node name="BarrierBlockConcrete_02_128_197" parent="CapturePointA" instance=ExtResource("14_ril3m")]
transform = Transform3D(-0.999832, 0, -0.0183075, 0, 1, 0, 0.0183075, 0, -0.999832, -7.65927, 1.03131, 10.2899)

[node name="BarrierBlockConcrete_02_128_198" parent="CapturePointA" instance=ExtResource("14_ril3m")]
transform = Transform3D(-0.999832, 0, -0.0183075, 0, 1, 0, 0.0183075, 0, -0.999832, -9.04803, 2.80313, 10.3071)

[node name="BarrierBlockConcrete_02_128_199" parent="CapturePointA" instance=ExtResource("14_ril3m")]
transform = Transform3D(-0.999832, 0, -0.0183075, 0, 1, 0, 0.0183075, 0, -0.999832, -10.3137, 1.03131, 10.3071)

[node name="BarrierBlockConcrete_02_128_200" parent="CapturePointA" instance=ExtResource("14_ril3m")]
transform = Transform3D(-0.999832, 0, -0.0183075, 0, 1, 0, 0.0183075, 0, -0.999832, -10.3137, 2.80313, 10.3071)

[node name="BarrierBlockConcrete_02_128_201" parent="CapturePointA" instance=ExtResource("14_ril3m")]
transform = Transform3D(-0.999832, 0, -0.0183075, 0, 1, 0, 0.0183075, 0, -0.999832, -7.65927, 2.80313, 10.2899)

[node name="BarrierBlockConcrete_02_128_270" parent="CapturePointA" instance=ExtResource("14_ril3m")]
transform = Transform3D(-0.999832, 0, -0.0183075, 0, 1, 0, 0.0183075, 0, -0.999832, -9.04803, 4.57299, 10.3071)

[node name="BarrierBlockConcrete_02_128_271" parent="CapturePointA" instance=ExtResource("14_ril3m")]
transform = Transform3D(-0.999832, 0, -0.0183075, 0, 1, 0, 0.0183075, 0, -0.999832, -10.3137, 4.57299, 10.3071)

[node name="BarrierBlockConcrete_02_128_272" parent="CapturePointA" instance=ExtResource("14_ril3m")]
transform = Transform3D(-0.999832, 0, -0.0183075, 0, 1, 0, 0.0183075, 0, -0.999832, -7.65927, 4.57299, 10.2899)

[node name="BarrierBlockConcrete_02_128_202" parent="CapturePointA" instance=ExtResource("14_ril3m")]
transform = Transform3D(-0.0725072, 0, 0.997368, 0, 1, 0, -0.997368, 0, -0.0725072, 77.6895, 0.328514, -3.399)

[node name="BarrierBlockConcrete_02_128_203" parent="CapturePointA" instance=ExtResource("14_ril3m")]
transform = Transform3D(0.998516, 0, 0.0544623, 0, 1, 0, -0.0544623, 0, 0.998516, 97.8874, 0.472328, -21.5118)

[node name="CapturePointB" parent="." node_paths=PackedStringArray("CaptureArea", "InfantrySpawnPoints_Team1", "InfantrySpawnPoints_Team2") instance=ExtResource("13_122k2")]
transform = Transform3D(1, 0, 0, 0, 1, 0, 0, 0, 1, 5.96204, 54.5514, -335.789)
ObjId = 202
CaptureArea = NodePath("CaptureArea")
InfantrySpawnPoints_Team1 = [NodePath("Team1/SpawnPoint"), NodePath("Team1/SpawnPoint2"), NodePath("Team1/SpawnPoint3"), NodePath("Team1/SpawnPoint4"), NodePath("Team1/SpawnPoint5")]
InfantrySpawnPoints_Team2 = [NodePath("Team2/SpawnPoint"), NodePath("Team2/SpawnPoint2"), NodePath("Team2/SpawnPoint3"), NodePath("Team2/SpawnPoint4"), NodePath("Team2/SpawnPoint5")]

[node name="CaptureArea" parent="CapturePointB" instance=ExtResource("7_aa005")]
transform = Transform3D(1, 0, 0, 0, 1, 0, 0, 0, 1, -2.3123, -0.440353, -0.0715637)
points = PackedVector2Array(-7.48752, -11.6682, 6.3288, 20.8306, 21.1879, 20.2223, 21.7092, -11.4075)
height = 5.0

[node name="Team1" type="Node3D" parent="CapturePointB"]

[node name="SpawnPoint" parent="CapturePointB/Team1" instance=ExtResource("2_k8rg5")]
transform = Transform3D(-0.834021, 0, -0.551733, 0, 1, 0, 0.551733, 0, -0.834021, -37.1797, 0.142063, -8.22372)

[node name="SpawnPoint2" parent="CapturePointB/Team1" instance=ExtResource("2_k8rg5")]
transform = Transform3D(-0.608873, 0, 0.793269, 0, 1, 0, -0.793269, 0, -0.608873, -39.8012, 0.398735, 19.7149)

[node name="SpawnPoint3" parent="CapturePointB/Team1" instance=ExtResource("2_k8rg5")]
transform = Transform3D(0.226651, 0, 0.973976, 0, 1, 0, -0.973976, 0, 0.226651, -45.0459, -0.29034, -44.5232)

[node name="SpawnPoint4" parent="CapturePointB/Team1" instance=ExtResource("2_k8rg5")]
transform = Transform3D(0.998057, 0, -0.0623023, 0, 1, 0, 0.0623023, 0, 0.998057, -35.0881, -0.863243, -68.9523)

[node name="SpawnPoint5" parent="CapturePointB/Team1" instance=ExtResource("2_k8rg5")]
transform = Transform3D(-0.330498, 0, 0.943807, 0, 1, 0, -0.943807, 0, -0.330498, -42.0469, 0.490654, 34.3875)

[node name="Team2" type="Node3D" parent="CapturePointB"]

[node name="SpawnPoint" parent="CapturePointB/Team2" instance=ExtResource("2_k8rg5")]
transform = Transform3D(-0.88406, 0, -0.467374, 0, 1, 0, 0.467374, 0, -0.88406, 65.6445, 1.0404, 6.14041)

[node name="SpawnPoint2" parent="CapturePointB/Team2" instance=ExtResource("2_k8rg5")]
transform = Transform3D(0.921477, 0, 0.388432, 0, 1, 0, -0.388432, 0, 0.921477, 43.3566, 0.00127411, -44.1681)

[node name="SpawnPoint3" parent="CapturePointB/Team2" instance=ExtResource("2_k8rg5")]
transform = Transform3D(0.401916, 0, -0.915677, 0, 1, 0, 0.915677, 0, 0.401916, 42.8663, -0.450413, -68.3409)

[node name="SpawnPoint4" parent="CapturePointB/Team2" instance=ExtResource("2_k8rg5")]
transform = Transform3D(-0.863139, 0, 0.504964, 0, 1, 0, -0.504964, 0, -0.863139, 69.8511, 1.10779, 15.7869)

[node name="SpawnPoint5" parent="CapturePointB/Team2" instance=ExtResource("2_k8rg5")]
transform = Transform3D(0.623211, 0, -0.782054, 0, 1, 0, 0.782054, 0, 0.623211, 65.0942, 0.442486, -21.7295)

[node name="CapturePointC" parent="." node_paths=PackedStringArray("CaptureArea", "InfantrySpawnPoints_Team1", "InfantrySpawnPoints_Team2") instance=ExtResource("13_122k2")]
transform = Transform3D(1, 0, 0, 0, 1, 0, 0, 0, 1, 89.9084, 59.3403, -222.135)
ObjId = 203
CaptureArea = NodePath("CaptureArea")
InfantrySpawnPoints_Team1 = [NodePath("Team1/SpawnPoint"), NodePath("Team1/SpawnPoint2"), NodePath("Team1/SpawnPoint3"), NodePath("Team1/SpawnPoint4"), NodePath("Team1/SpawnPoint5")]
InfantrySpawnPoints_Team2 = [NodePath("Team2/SpawnPoint"), NodePath("Team2/SpawnPoint2"), NodePath("Team2/SpawnPoint3"), NodePath("Team2/SpawnPoint4"), NodePath("Team2/SpawnPoint5")]

[node name="CaptureArea" parent="CapturePointC" instance=ExtResource("7_aa005")]
transform = Transform3D(1, 0, 0, 0, 1, 0, 0, 0, 1, -3.0612, -0.384842, -3.2509)
points = PackedVector2Array(14.6883, 13.7488, -14.9856, 13.6887, -15.031, -13.8521, 15.3282, -13.5854)
height = 5.0

[node name="Team1" type="Node3D" parent="CapturePointC"]

[node name="SpawnPoint" parent="CapturePointC/Team1" instance=ExtResource("2_k8rg5")]
transform = Transform3D(0.407215, 0, 0.913332, 0, 1, 0, -0.913332, 0, 0.407215, -44.7353, 1.00957, 22.8191)

[node name="SpawnPoint2" parent="CapturePointC/Team1" instance=ExtResource("2_k8rg5")]
transform = Transform3D(0.236838, 0, 0.971549, 0, 1, 0, -0.971549, 0, 0.236838, -46.1104, 1.86616, 42.7715)

[node name="SpawnPoint3" parent="CapturePointC/Team1" instance=ExtResource("2_k8rg5")]
transform = Transform3D(-0.918757, 0, -0.394824, 0, 1, 0, 0.394824, 0, -0.918757, -41.0257, 2.01428, 63.9838)

[node name="SpawnPoint4" parent="CapturePointC/Team1" instance=ExtResource("2_k8rg5")]
transform = Transform3D(-0.398285, 0, -0.917262, 0, 1, 0, 0.917262, 0, -0.398285, -9.41522, 2.48046, 58.7357)

[node name="SpawnPoint5" parent="CapturePointC/Team1" instance=ExtResource("2_k8rg5")]
transform = Transform3D(1, 0, 0, 0, 1, 0, 0, 0, 1, -54.7765, 1.17891, 27.3574)

[node name="Team2" type="Node3D" parent="CapturePointC"]

[node name="SpawnPoint" parent="CapturePointC/Team2" instance=ExtResource("2_k8rg5")]
transform = Transform3D(-0.855545, 0, 0.517729, 0, 1, 0, -0.517729, 0, -0.855545, 43.2773, -1.28448, -39.6905)

[node name="SpawnPoint2" parent="CapturePointC/Team2" instance=ExtResource("2_k8rg5")]
transform = Transform3D(0.952523, 0, 0.304465, 0, 1, 0, -0.304465, 0, 0.952523, 42.3751, 2.51229, 33.2502)

[node name="SpawnPoint3" parent="CapturePointC/Team2" instance=ExtResource("2_k8rg5")]
transform = Transform3D(-0.675642, 0, -0.73723, 0, 1, 0, 0.73723, 0, -0.675642, 28.4293, -1.86967, -48.2796)

[node name="SpawnPoint4" parent="CapturePointC/Team2" instance=ExtResource("2_k8rg5")]
transform = Transform3D(0.849211, 0, -0.528053, 0, 1, 0, 0.528053, 0, 0.849211, 8.68923, -2.37434, -67.4138)

[node name="SpawnPoint5" parent="CapturePointC/Team2" instance=ExtResource("2_k8rg5")]
transform = Transform3D(0.949732, 0, 0.313064, 0, 1, 0, -0.313064, 0, 0.949732, 45.2156, -1.8897, -68.276)

[node name="Sector" parent="." node_paths=PackedStringArray("SectorArea", "CapturePoints") instance=ExtResource("15_d36h1")]
SectorArea = NodePath("../CombatArea/CombatVolume")
CapturePoints = [NodePath("../CapturePointA"), NodePath("../CapturePointB"), NodePath("../CapturePointC")]

[node name="Sector2" parent="." node_paths=PackedStringArray("SectorArea") instance=ExtResource("15_d36h1")]
SectorArea = NodePath("../TEAM_1_HQ/HQ_Team1")

[node name="Sector3" parent="." node_paths=PackedStringArray("SectorArea") instance=ExtResource("15_d36h1")]
SectorArea = NodePath("../TEAM_2_HQ/HQ_Team2")

[node name="AreaTrigger" parent="." node_paths=PackedStringArray("Area") instance=ExtResource("16_0xby5")]
ObjId = 7001
Area = NodePath("../TEAM_1_HQ/HQ_Team1")

[node name="AreaTrigger2" parent="." node_paths=PackedStringArray("Area") instance=ExtResource("16_0xby5")]
ObjId = 7002
Area = NodePath("../TEAM_2_HQ/HQ_Team2")

[node name="BarrierBlockConcrete_01_256x180_A" parent="." instance=ExtResource("17_i001t")]
transform = Transform3D(-0.00453781, 0, 0.99999, 0, 1, 0, -0.99999, 0, -0.00453781, -20.5842, 56.016, -234.276)

[node name="BarrierBlockConcrete_01_256x180_A2" parent="." instance=ExtResource("17_i001t")]
transform = Transform3D(-0.00453781, 0, 0.99999, 0, 1, 0, -0.99999, 0, -0.00453781, -20.5842, 56.016, -236.844)

[node name="BarrierBlockConcrete_01_256x180_A3" parent="." instance=ExtResource("17_i001t")]
transform = Transform3D(-0.00453781, 0, 0.99999, 0, 1, 0, -0.99999, 0, -0.00453781, -20.5842, 57.8058, -234.276)

