[gd_scene load_steps=24 format=3 uid="uid://8gln667pyfyy"]

[ext_resource type="PackedScene" path="res://objects/Gameplay/Common/CombatArea.tscn" id="1_584ax"]
[ext_resource type="PackedScene" uid="uid://jv31so3xcr7p" path="res://addons/bf_portal/portal_tools/types/PolygonVolume/PolygonVolume.tscn" id="2_l6sok"]
[ext_resource type="PackedScene" path="res://objects/Gameplay/Conquest/CapturePoint.tscn" id="3_netp2"]
[ext_resource type="PackedScene" path="res://objects/entities/SpawnPoint.tscn" id="4_vqhbm"]
[ext_resource type="PackedScene" path="res://objects/Global/Props/BarrierStoneBlock_01_A.tscn" id="5_8hyk5"]
[ext_resource type="PackedScene" path="res://objects/Gameplay/Common/HQ_PlayerSpawner.tscn" id="6_y80qm"]
[ext_resource type="PackedScene" path="res://objects/Global/Generic/Common/Props/FlagPole_01_USA.tscn" id="8_0mqbm"]
[ext_resource type="PackedScene" path="res://objects/Gameplay/Common/InteractPoint.tscn" id="9_0r6uh"]
[ext_resource type="Script" uid="uid://47t74odumpid" path="res://scripts/Gameplay/Common/WorldIcon.gd" id="10_rjqvi"]
[ext_resource type="PackedScene" path="res://objects/Gameplay/Common/WorldIcon.tscn" id="11_1kccc"]
[ext_resource type="PackedScene" path="res://objects/Shared/Generic/Industrial/Props/BarrierConstruction_01_256_120_B.tscn" id="13_7nbwr"]
[ext_resource type="PackedScene" path="res://objects/Turkmenistan/MP_FireStorm/Generic/Industrial/Props/Container_02_Closed_DD_ProxyRadiosity.tscn" id="15_b222v"]
[ext_resource type="PackedScene" path="res://static/MP_FireStorm_Terrain.tscn" id="16_opl47"]
[ext_resource type="PackedScene" path="res://static/MP_FireStorm_Assets.tscn" id="17_iox6s"]
[ext_resource type="PackedScene" path="res://objects/Gameplay/Common/DeployCam.tscn" id="18_8i734"]
[ext_resource type="PackedScene" path="res://objects/Turkmenistan/MP_FireStorm/Generic/Industrial/Props/Container_02_Open_A_Sand.tscn" id="19_siy3j"]
[ext_resource type="PackedScene" path="res://objects/Gameplay/Common/Sector.tscn" id="20_dlkpp"]
[ext_resource type="PackedScene" path="res://objects/Shared/Generic/Industrial/Props/CinderblockWall_01_256x120x192.tscn" id="21_8cmeq"]
[ext_resource type="PackedScene" path="res://objects/Shared/Generic/Industrial/Props/CinderblockWall_01_A_256x120x64.tscn" id="22_aci6m"]
[ext_resource type="PackedScene" path="res://objects/Turkmenistan/MP_FireStorm/Generic/Industrial/Props/Container_02_Open_C.tscn" id="23_c80tb"]
[ext_resource type="PackedScene" path="res://objects/Global/Props/BarrierStoneBlock_01_E.tscn" id="24_fypq3"]
[ext_resource type="PackedScene" path="res://addons/bf_portal/portal_tools/types/PolygonVolume/AreaTrigger.tscn" id="24_ukosc"]
[ext_resource type="PackedScene" path="res://objects/Global/Props/BarrierStoneBlock_01_F.tscn" id="25_cd6xy"]

[node name="MP_FireStorm" type="Node3D"]

[node name="CombatArea" parent="." node_paths=PackedStringArray("CombatVolume") instance=ExtResource("1_584ax")]
transform = Transform3D(1, 0, 0, 0, 1, 0, 0, 0, 1, -58.2441, 93.4144, 34.2265)
CombatVolume = NodePath("CombatVolume")

[node name="CombatVolume" parent="CombatArea" instance=ExtResource("2_l6sok")]
transform = Transform3D(1, 0, 0, 0, 1, 0, 0, 0, 1, -57.9249, 30.6349, -81.4435)
points = PackedVector2Array(-21.9545, 85.7037, 70.3743, 73.7221, 85.1751, 36.7201, 80.5939, -1.69152, 56.6307, -64.0664, 13.2855, -64.7711, -39.9269, -63.3616, -82.9198, -46.0939, -85.0342, -8.03473, -76.2242, 51.8733)

[node name="CapturePointA" parent="CombatArea" node_paths=PackedStringArray("CaptureArea", "InfantrySpawnPoints_Team1", "InfantrySpawnPoints_Team2") instance=ExtResource("3_netp2")]
transform = Transform3D(1, 0, 0, 0, 1, 0, 0, 0, 1, -89.6969, 31.4216, -92.3605)
ObjId = 201
CaptureArea = NodePath("CaptureArea")
InfantrySpawnPoints_Team1 = [NodePath("Team1/SpawnPoint"), NodePath("Team1/SpawnPoint2"), NodePath("Team1/SpawnPoint3"), NodePath("Team1/SpawnPoint4"), NodePath("Team1/SpawnPoint5")]
InfantrySpawnPoints_Team2 = [NodePath("Team2/SpawnPoint"), NodePath("Team2/SpawnPoint2"), NodePath("Team2/SpawnPoint3"), NodePath("Team2/SpawnPoint4"), NodePath("Team2/SpawnPoint5")]

[node name="CaptureArea" parent="CombatArea/CapturePointA" instance=ExtResource("2_l6sok")]
transform = Transform3D(1, 0, 0, 0, 1, 0, 0, 0, 1, 0, -0.117561, 0)
points = PackedVector2Array(-7.30559, -9.68533, -7.02907, 4.83682, 8.11049, 4.71661, 7.5918, -9.58188)
height = 5.0

[node name="Team1" type="Node3D" parent="CombatArea/CapturePointA"]

[node name="SpawnPoint" parent="CombatArea/CapturePointA/Team1" instance=ExtResource("4_vqhbm")]
transform = Transform3D(1, 0, 0, 0, 1, 0, 0, 0, 1, -52.7859, 3.03886, 0.787163)

[node name="SpawnPoint2" parent="CombatArea/CapturePointA/Team1" instance=ExtResource("4_vqhbm")]
transform = Transform3D(-0.192608, 0, 0.981276, 0, 1, 0, -0.981276, 0, -0.192608, -49.9981, 3.09517, 26.9436)

[node name="SpawnPoint3" parent="CombatArea/CapturePointA/Team1" instance=ExtResource("4_vqhbm")]
transform = Transform3D(0.683567, 0, 0.729888, 0, 1, 0, -0.729888, 0, 0.683567, -46.218, 3.36569, -35.6865)

[node name="SpawnPoint4" parent="CombatArea/CapturePointA/Team1" instance=ExtResource("4_vqhbm")]
transform = Transform3D(1, 0, 0, 0, 1, 0, 0, 0, 1, -24.5306, 0, -49.6655)

[node name="SpawnPoint5" parent="CombatArea/CapturePointA/Team1" instance=ExtResource("4_vqhbm")]
transform = Transform3D(-0.976198, 0, 0.216883, 0, 1, 0, -0.216883, 0, -0.976198, -26.3229, 1.9838, 43.4369)

[node name="Team2" type="Node3D" parent="CombatArea/CapturePointA"]

[node name="SpawnPoint" parent="CombatArea/CapturePointA/Team2" instance=ExtResource("4_vqhbm")]
transform = Transform3D(1, 0, 0, 0, 1, 0, 0, 0, 1, 48.4169, 0, 13.5085)

[node name="SpawnPoint2" parent="CombatArea/CapturePointA/Team2" instance=ExtResource("4_vqhbm")]
transform = Transform3D(1, 0, 0, 0, 1, 0, 0, 0, 1, 22.1533, 0.156128, -46.0619)

[node name="SpawnPoint3" parent="CombatArea/CapturePointA/Team2" instance=ExtResource("4_vqhbm")]
transform = Transform3D(1, 0, 0, 0, 1, 0, 0, 0, 1, 27.158, 0, -33.9332)

[node name="SpawnPoint4" parent="CombatArea/CapturePointA/Team2" instance=ExtResource("4_vqhbm")]
transform = Transform3D(0.571215, 0, 0.8208, 0, 1, 0, -0.8208, 0, 0.571215, 6.70261, 0.151627, -48.8628)

[node name="SpawnPoint5" parent="CombatArea/CapturePointA/Team2" instance=ExtResource("4_vqhbm")]
transform = Transform3D(1, 0, 0, 0, 1, 0, 0, 0, 1, 22.1021, 0.210884, -29.0046)

[node name="BarrierStoneBlock_01_E" parent="CombatArea/CapturePointA/Team2" instance=ExtResource("24_fypq3")]
transform = Transform3D(0.822184, 0, 0.569222, 0, 1, 0, -0.569222, 0, 0.822184, 21.11, 0.151131, -45.4519)

[node name="CapturePointB" parent="CombatArea" node_paths=PackedStringArray("CaptureArea", "InfantrySpawnPoints_Team1", "InfantrySpawnPoints_Team2") instance=ExtResource("3_netp2")]
transform = Transform3D(1, 0, 0, 0, 1, 0, 0, 0, 1, -31.6947, 29.78, -33.4127)
ObjId = 202
CaptureArea = NodePath("CaptureArea")
InfantrySpawnPoints_Team1 = [NodePath("Team1/SpawnPoint"), NodePath("Team1/SpawnPoint2"), NodePath("Team1/SpawnPoint3"), NodePath("Team1/SpawnPoint4"), NodePath("Team1/SpawnPoint5")]
InfantrySpawnPoints_Team2 = [NodePath("Team2/SpawnPoint"), NodePath("Team2/SpawnPoint2"), NodePath("Team2/SpawnPoint3"), NodePath("Team2/SpawnPoint4"), NodePath("Team2/SpawnPoint5")]

[node name="CaptureArea" parent="CombatArea/CapturePointB" instance=ExtResource("2_l6sok")]
transform = Transform3D(1, 0, 0, 0, 1, 0, 0, 0, 1, 0, -1.88255, 0)
points = PackedVector2Array(-12.6048, -9.65049, -12.5971, 8.16425, 10.3413, 7.64994, 10.2121, -9.58567)
height = 6.0

[node name="Team1" type="Node3D" parent="CombatArea/CapturePointB"]

[node name="SpawnPoint" parent="CombatArea/CapturePointB/Team1" instance=ExtResource("4_vqhbm")]
transform = Transform3D(0.178716, 0, 0.983901, 0, 1, 0, -0.983901, 0, 0.178716, -54.3265, 1.60277, 10.0489)

[node name="SpawnPoint2" parent="CombatArea/CapturePointB/Team1" instance=ExtResource("4_vqhbm")]
transform = Transform3D(-0.866409, 0, 0.499335, 0, 1, 0, -0.499335, 0, -0.866409, -27.2573, -2.36847, 22.2484)

[node name="SpawnPoint3" parent="CombatArea/CapturePointB/Team1" instance=ExtResource("4_vqhbm")]
transform = Transform3D(-0.918757, 0, -0.394824, 0, 1, 0, 0.394824, 0, -0.918757, -35.6344, -0.413139, 18.9987)

[node name="SpawnPoint4" parent="CombatArea/CapturePointB/Team1" instance=ExtResource("4_vqhbm")]
transform = Transform3D(-0.349488, 0, -0.936941, 0, 1, 0, 0.936941, 0, -0.349488, 45.4474, -3.65171, 22.8908)

[node name="SpawnPoint5" parent="CombatArea/CapturePointB/Team1" instance=ExtResource("4_vqhbm")]
transform = Transform3D(-0.99694, 0, 0.0781633, 0, 1, 0, -0.0781633, 0, -0.99694, -50.3226, -1.05833, 33.4573)

[node name="Team2" type="Node3D" parent="CombatArea/CapturePointB"]

[node name="SpawnPoint" parent="CombatArea/CapturePointB/Team2" instance=ExtResource("4_vqhbm")]
transform = Transform3D(-0.0775893, 0, -0.996985, 0, 1, 0, 0.996985, 0, -0.0775893, 32.2735, -0.439796, -18.9226)

[node name="SpawnPoint2" parent="CombatArea/CapturePointB/Team2" instance=ExtResource("4_vqhbm")]
transform = Transform3D(0.292388, 0, -0.9563, 0, 1, 0, 0.9563, 0, 0.292388, -10.3823, 1.93861, -32.4457)

[node name="SpawnPoint3" parent="CombatArea/CapturePointB/Team2" instance=ExtResource("4_vqhbm")]
transform = Transform3D(-0.252745, 0, -0.967533, 0, 1, 0, 0.967533, 0, -0.252745, 34.3969, -1.53757, 4.79145)

[node name="SpawnPoint4" parent="CombatArea/CapturePointB/Team2" instance=ExtResource("4_vqhbm")]
transform = Transform3D(0.594276, 0, -0.804262, 0, 1, 0, 0.804262, 0, 0.594276, 40.3742, -0.834251, -5.19808)

[node name="SpawnPoint5" parent="CombatArea/CapturePointB/Team2" instance=ExtResource("4_vqhbm")]
transform = Transform3D(0.432605, 0, -0.901583, 0, 1, 0, 0.901583, 0, 0.432605, 32.6703, 1.03606, -26.3653)

[node name="BarrierStoneBlock_01_E" parent="CombatArea/CapturePointB/Team2" instance=ExtResource("24_fypq3")]
transform = Transform3D(1, 0, 0, 0, 1, 0, 0, 0, 1, 39.1624, -0.914932, -5.56082)

[node name="CapturePointC" parent="CombatArea" node_paths=PackedStringArray("CaptureArea", "InfantrySpawnPoints_Team1", "InfantrySpawnPoints_Team2") instance=ExtResource("3_netp2")]
transform = Transform3D(1, 0, 0, 0, 1, 0, 0, 0, 1, -26.2432, 31.6556, -107.081)
ObjId = 203
CaptureArea = NodePath("CaptureArea")
InfantrySpawnPoints_Team1 = [NodePath("Team1/SpawnPoint"), NodePath("Team1/SpawnPoint2"), NodePath("Team1/SpawnPoint3"), NodePath("Team1/SpawnPoint4"), NodePath("Team1/SpawnPoint5")]
InfantrySpawnPoints_Team2 = [NodePath("Team2/SpawnPoint"), NodePath("Team2/SpawnPoint2"), NodePath("Team2/SpawnPoint3"), NodePath("Team2/SpawnPoint4"), NodePath("Team2/SpawnPoint5")]

[node name="CaptureArea" parent="CombatArea/CapturePointC" instance=ExtResource("2_l6sok")]
transform = Transform3D(1, 0, 0, 0, 1, 0, 0, 0, 1, 0, 0, 3.58723)
points = PackedVector2Array(-4.1927, -19.7211, -9.71693, 4.20657, 9.49785, 5.16885, 10.5669, -18.8647)
height = 3.0

[node name="Team1" type="Node3D" parent="CombatArea/CapturePointC"]

[node name="SpawnPoint" parent="CombatArea/CapturePointC/Team1" instance=ExtResource("4_vqhbm")]
transform = Transform3D(-0.476514, 0, 0.879167, 0, 1, 0, -0.879167, 0, -0.476514, -43.8833, 0.208923, 18.3432)

[node name="SpawnPoint2" parent="CombatArea/CapturePointC/Team1" instance=ExtResource("4_vqhbm")]
transform = Transform3D(0.77719, 0, 0.629266, 0, 1, 0, -0.629266, 0, 0.77719, -36.5465, -0.259308, -1.66772)

[node name="SpawnPoint3" parent="CombatArea/CapturePointC/Team1" instance=ExtResource("4_vqhbm")]
transform = Transform3D(1, 0, 0, 0, 1, 0, 0, 0, 1, -38.2966, 0.0225449, 11.6627)

[node name="SpawnPoint4" parent="CombatArea/CapturePointC/Team1" instance=ExtResource("4_vqhbm")]
transform = Transform3D(0.80998, 0, 0.586457, 0, 1, 0, -0.586457, 0, 0.80998, -38.8026, -0.193909, 27.3123)

[node name="SpawnPoint5" parent="CombatArea/CapturePointC/Team1" instance=ExtResource("4_vqhbm")]
transform = Transform3D(-0.950402, 0, 0.311025, 0, 1, 0, -0.311025, 0, -0.950402, -43.0882, 0.108009, 22.626)

[node name="BarrierStoneBlock_01_E" parent="CombatArea/CapturePointC/Team1" instance=ExtResource("24_fypq3")]
transform = Transform3D(0.848713, 0, 0.528853, 0, 1, 0, -0.528853, 0, 0.848713, -35.7874, -0.31424, -2.85989)

[node name="BarrierStoneBlock_01_E2" parent="CombatArea/CapturePointC/Team1" instance=ExtResource("24_fypq3")]
transform = Transform3D(-0.00204197, 0, 0.999998, 0, 1, 0, -0.999998, 0, -0.00204197, -38.0351, -0.31424, -3.58804)

[node name="BarrierStoneBlock_01_E3" parent="CombatArea/CapturePointC/Team1" instance=ExtResource("24_fypq3")]
transform = Transform3D(1, 0, 0, 0, 1, 0, 0, 0, 1, -37.1882, 0.107605, 10.8264)

[node name="BarrierStoneBlock_01_E4" parent="CombatArea/CapturePointC/Team1" instance=ExtResource("24_fypq3")]
transform = Transform3D(1, 0, 0, 0, 1, 0, 0, 0, 1, -37.4737, -0.239403, 26.8522)

[node name="Team2" type="Node3D" parent="CombatArea/CapturePointC"]

[node name="SpawnPoint" parent="CombatArea/CapturePointC/Team2" instance=ExtResource("4_vqhbm")]
transform = Transform3D(0.36234, 0, -0.932046, 0, 1, 0, 0.932046, 0, 0.36234, 38.1399, -0.135246, -39.9716)

[node name="SpawnPoint2" parent="CombatArea/CapturePointC/Team2" instance=ExtResource("4_vqhbm")]
transform = Transform3D(1, 0, 0, 0, 1, 0, 0, 0, 1, 26.2248, -0.12291, -34.6948)

[node name="SpawnPoint3" parent="CombatArea/CapturePointC/Team2" instance=ExtResource("4_vqhbm")]
transform = Transform3D(-0.575819, 0, -0.817577, 0, 1, 0, 0.817577, 0, -0.575819, 37.2779, -0.48069, 16.5019)

[node name="SpawnPoint4" parent="CombatArea/CapturePointC/Team2" instance=ExtResource("4_vqhbm")]
transform = Transform3D(-0.992497, 0, -0.122268, 0, 1, 0, 0.122268, 0, -0.992497, 37.4383, -0.597382, 26.1995)

[node name="SpawnPoint5" parent="CombatArea/CapturePointC/Team2" instance=ExtResource("4_vqhbm")]
transform = Transform3D(-0.884483, 0, -0.466572, 0, 1, 0, 0.466572, 0, -0.884483, 45.5133, 0.26609, 21.0353)

[node name="BarrierStoneBlock_01_E" parent="CombatArea/CapturePointC/Team2" instance=ExtResource("24_fypq3")]
transform = Transform3D(0.755682, 0, 0.654939, 0, 1, 0, -0.654939, 0, 0.755682, 25.3817, -0.104919, -33.9039)

[node name="BarrierStoneBlock_01_A" parent="CombatArea/CapturePointC" instance=ExtResource("5_8hyk5")]
transform = Transform3D(1, 0, 0, 0, 1, 0, 0, 0, 1, 1.86164, -0.0412369, 2.78345)

[node name="BarrierStoneBlock_01_A2" parent="CombatArea/CapturePointC" instance=ExtResource("5_8hyk5")]
transform = Transform3D(1, 0, 0, 0, 1, 0, 0, 0, 1, 5.41683, -0.0597916, 0.2939)

[node name="BarrierStoneBlock_01_A4" parent="CombatArea/CapturePointC" instance=ExtResource("5_8hyk5")]
transform = Transform3D(1, 0, 0, 0, 1, 0, 0, 0, 1, 5.53419, -0.134087, 1.48117)

[node name="BarrierStoneBlock_01_A5" parent="CombatArea/CapturePointC" instance=ExtResource("5_8hyk5")]
transform = Transform3D(1, 0, 0, 0, 1, 0, 0, 0, 1, 1.86164, -0.175568, 4.05739)

[node name="TEAM_1_HQ" parent="CombatArea" node_paths=PackedStringArray("HQArea", "InfantrySpawns") instance=ExtResource("6_y80qm")]
transform = Transform3D(1, 0, 0, 0, 1, 0, 0, 0, 1, -161.639, 36.9942, -62.8784)
AltTeam = 0
ObjId = 1
HQArea = NodePath("HQ_Team1")
InfantrySpawns = [NodePath("SpawnPoint_1_1"), NodePath("SpawnPoint_1_2"), NodePath("SpawnPoint_1_3"), NodePath("SpawnPoint_1_4")]

[node name="InteractArea" parent="CombatArea/TEAM_1_HQ" instance=ExtResource("8_0mqbm")]
transform = Transform3D(-4.37114e-08, 0, 1, 0, 1, 0, -1, 0, -4.37114e-08, -4.32623, 1.28966, 3.05049)

[node name="InteractPointChangeTeam" parent="CombatArea/TEAM_1_HQ/InteractArea" instance=ExtResource("9_0r6uh")]
transform = Transform3D(1, 0, 0, 0, 1, 0, 0, 0, 1, 3, 1, 0)
ObjId = 2001

[node name="WorldIcon" type="Node3D" parent="CombatArea/TEAM_1_HQ/InteractArea/InteractPointChangeTeam"]
script = ExtResource("10_rjqvi")
ObjId = 5001
iconTextVisible = true
iconColor = [0.0, 1.0, 0.0]
iconImagePicker = 6
iconImageVisible = true
iconTeamOwnerId = 1

[node name="InteractPointReady" parent="CombatArea/TEAM_1_HQ/InteractArea" instance=ExtResource("9_0r6uh")]
transform = Transform3D(1, 0, 0, 0, 1, 0, 0, 0, 1, -3, 1, 0)
ObjId = 2002

[node name="WorldIcon" type="Node3D" parent="CombatArea/TEAM_1_HQ/InteractArea/InteractPointReady"]
script = ExtResource("10_rjqvi")
ObjId = 5002
iconTextVisible = true
iconColor = [0.0, 0.5, 1.0]
iconImagePicker = 7
iconImageVisible = true
iconTeamOwnerId = 1

[node name="InteractPointSpectate" parent="CombatArea/TEAM_1_HQ/InteractArea" instance=ExtResource("9_0r6uh")]
transform = Transform3D(1, 0, 0, 0, 1, 0, 0, 0, 1, 15.7337, 1, -4.16156)
ObjId = 6001

[node name="WorldIcon" parent="CombatArea/TEAM_1_HQ/InteractArea" instance=ExtResource("11_1kccc")]
transform = Transform3D(1, 0, 0, 0, 1, 0, 0, 0, 1, 0, 2, 0)
ObjId = 5011
iconTextVisible = true
iconColor = [0.0, 0.0, 1.0]
iconImagePicker = 7
iconTeamOwnerId = 1

[node name="HQ_Team1" parent="CombatArea/TEAM_1_HQ" instance=ExtResource("2_l6sok")]
transform = Transform3D(1, 0, 0, 0, 1, 0, 0, 0, 1, 8.06114, 2.67435, -4.53093)
points = PackedVector2Array(12.7667, -60.135, -38.7176, -67.1762, -51.7564, -16.0782, -26.0312, 56.1639, 73.6416, 71.6488, 19.4331, 37.8205, 10.6638, -22.2438)

[node name="SpawnPoint_1_1" parent="CombatArea/TEAM_1_HQ" instance=ExtResource("4_vqhbm")]
transform = Transform3D(0.133986, 0, 0.990983, 0, 1, 0, -0.990983, 0, 0.133986, -2.17514, 0.0810394, -20.021)

[node name="SpawnPoint_1_2" parent="CombatArea/TEAM_1_HQ" instance=ExtResource("4_vqhbm")]
transform = Transform3D(0.37059, 0, 0.928797, 0, 1, 0, -0.928797, 0, 0.37059, 3.31331, 0.789108, 3.23417)

[node name="SpawnPoint_1_3" parent="CombatArea/TEAM_1_HQ" instance=ExtResource("4_vqhbm")]
transform = Transform3D(-0.594767, 0, 0.803899, 0, 1, 0, -0.803899, 0, -0.594767, -9.7009, 1.58594, -33.2488)

[node name="SpawnPoint_1_4" parent="CombatArea/TEAM_1_HQ" instance=ExtResource("4_vqhbm")]
transform = Transform3D(-0.591365, 0, 0.806403, 0, 1, 0, -0.806403, 0, -0.591365, 23.4859, -4.50017, 51.6984)

[node name="TEAM_2_HQ" parent="CombatArea" node_paths=PackedStringArray("HQArea", "InfantrySpawns") instance=ExtResource("6_y80qm")]
transform = Transform3D(1, 0, 0, 0, 1, 0, 0, 0, 1, 48.0637, 28.392, -100.153)
Team = 2
AltTeam = 0
ObjId = 2
HQArea = NodePath("HQ_Team2")
InfantrySpawns = [NodePath("SpawnPoint_2_1"), NodePath("SpawnPoint_2_2"), NodePath("SpawnPoint_2_3"), NodePath("SpawnPoint_2_4")]

[node name="InteractArea" parent="CombatArea/TEAM_2_HQ" instance=ExtResource("8_0mqbm")]
transform = Transform3D(-4.37114e-08, 0, -1, 0, 1, 0, 1, 0, -4.37114e-08, -15.3539, 1.061, -0.0194092)

[node name="InteractPointChangeTeam" parent="CombatArea/TEAM_2_HQ/InteractArea" instance=ExtResource("9_0r6uh")]
transform = Transform3D(1, 0, 0, 0, 1, 0, 0, 0, 1, 3, 1, 0)
ObjId = 2003

[node name="WorldIcon" type="Node3D" parent="CombatArea/TEAM_2_HQ/InteractArea/InteractPointChangeTeam"]
script = ExtResource("10_rjqvi")
ObjId = 5003
iconTextVisible = true
iconColor = [0.0, 1.0, 0.0]
iconImagePicker = 6
iconImageVisible = true
iconTeamOwnerId = 2

[node name="InteractPointReady" parent="CombatArea/TEAM_2_HQ/InteractArea" instance=ExtResource("9_0r6uh")]
transform = Transform3D(1, 0, 0, 0, 1, 0, 0, 0, 1, -3, 1, 0)
ObjId = 2004

[node name="WorldIcon" type="Node3D" parent="CombatArea/TEAM_2_HQ/InteractArea/InteractPointReady"]
script = ExtResource("10_rjqvi")
ObjId = 5004
iconTextVisible = true
iconColor = [0.0, 0.5, 1.0]
iconImagePicker = 7
iconImageVisible = true
iconTeamOwnerId = 2

[node name="WorldIcon" parent="CombatArea/TEAM_2_HQ/InteractArea" instance=ExtResource("11_1kccc")]
transform = Transform3D(1, 0, 0, 0, 1, 0, 0, 0, 1, 0, 2, 0)
ObjId = 5012
iconTextVisible = true
iconColor = [0.0, 0.0, 1.0]
iconImagePicker = 7
iconTeamOwnerId = 2

[node name="HQ_Team2" parent="CombatArea/TEAM_2_HQ" instance=ExtResource("2_l6sok")]
transform = Transform3D(1, 0, 0, 0, 1, 0, 0, 0, 1, -14.9167, 0, 16.8837)
points = PackedVector2Array(50.9526, 19.2454, 20.6461, -71.3215, -34.4792, -62.2794, -10.4587, 0.161839, -5.91526, 38.5991, -20.7455, 75.5946)

[node name="SpawnPoint_2_1" parent="CombatArea/TEAM_2_HQ" instance=ExtResource("4_vqhbm")]
transform = Transform3D(0.545912, 0, -0.837844, 0, 1, 0, 0.837844, 0, 0.545912, 3.82343, -0.68557, -10.7688)

[node name="SpawnPoint_2_2" parent="CombatArea/TEAM_2_HQ" instance=ExtResource("4_vqhbm")]
transform = Transform3D(-0.322084, 0, -0.946712, 0, 1, 0, 0.946712, 0, -0.322084, 4.23325, -0.460953, 0.787491)

[node name="SpawnPoint_2_3" parent="CombatArea/TEAM_2_HQ" instance=ExtResource("4_vqhbm")]
transform = Transform3D(0.0641664, 0, -0.997939, 0, 1, 0, 0.997939, 0, 0.0641664, -0.513527, 0.0243988, 37.2645)

[node name="SpawnPoint_2_4" parent="CombatArea/TEAM_2_HQ" instance=ExtResource("4_vqhbm")]
transform = Transform3D(0.97681, 0, -0.214105, 0, 1, 0, 0.214105, 0, 0.97681, -16.443, 0.362473, -36.9989)

[node name="BarrierStoneBlock_01_E" parent="CombatArea/TEAM_2_HQ" instance=ExtResource("24_fypq3")]
transform = Transform3D(1, 0, 0, 0, 1, 0, 0, 0, 1, 2.41593, -1.37496, -10.6946)

[node name="Container_02_Closed_DD_ProxyRadiosity" parent="CombatArea" instance=ExtResource("15_b222v")]
transform = Transform3D(1, 0, 0, 0, 1, 0, 0, 0, 1, -115.402, 31.529, -90.6618)

[node name="Container_02_Closed_DD_ProxyRadiosity4" parent="CombatArea" instance=ExtResource("15_b222v")]
transform = Transform3D(0.999761, 0, -0.0218672, 0, 1, 0, 0.0218672, 0, 0.999761, -93.5876, 34.1754, -103.588)

[node name="Container_02_Closed_DD_ProxyRadiosity3" parent="CombatArea" instance=ExtResource("15_b222v")]
transform = Transform3D(1, 0, 0, 0, 1, 0, 0, 0, 1, -115.402, 33.3493, -51.6585)

[node name="Container_02_Closed_DD_ProxyRadiosity2" parent="CombatArea" instance=ExtResource("15_b222v")]
transform = Transform3D(1, 0, 0, 0, 1, 0, 0, 0, 1, -115.402, 34.0706, -90.6618)

[node name="Container_02_Closed_DD_ProxyRadiosity6" parent="CombatArea" instance=ExtResource("15_b222v")]
transform = Transform3D(1, 0, 0, 0, 1, 0, 0, 0, 1, -107.238, 31.4624, -82.624)

[node name="Container_02_Closed_DD_ProxyRadiosity7" parent="CombatArea" instance=ExtResource("15_b222v")]
transform = Transform3D(1, 0, 0, 0, 1, 0, 0, 0, 1, -107.238, 33.9404, -82.624)

[node name="Container_02_Closed_DD_ProxyRadiosity5" parent="CombatArea" instance=ExtResource("15_b222v")]
transform = Transform3D(1, 0, 0, 0, 1, 0, 0, 0, 1, -203.321, 38.9151, -38.6541)

[node name="Static" type="Node3D" parent="."]

[node name="MP_FireStorm_Terrain" parent="Static" instance=ExtResource("16_opl47")]
metadata/_edit_lock_ = true

[node name="MP_FireStorm_Assets" parent="Static" instance=ExtResource("17_iox6s")]
metadata/_edit_lock_ = true

[node name="DeployCam" parent="." instance=ExtResource("18_8i734")]
transform = Transform3D(1, 0, 0, 0, -4.37114e-08, 1, 0, -1, -4.37114e-08, -120.966, 400, -7.958)

[node name="AddedAssets" type="Node3D" parent="."]

[node name="BarrierStoneBlock_01_A" parent="AddedAssets" instance=ExtResource("5_8hyk5")]
transform = Transform3D(1, 0, 0, 0, 1, 0, 0, 0, 1, -131.441, 135.294, -48.6763)

[node name="BarrierStoneBlock_01_A13" parent="AddedAssets" instance=ExtResource("5_8hyk5")]
transform = Transform3D(1, 0, 0, 0, 1, 0, 0, 0, 1, -59.4304, 135.31, -142.304)

[node name="BarrierStoneBlock_01_A14" parent="AddedAssets" instance=ExtResource("5_8hyk5")]
transform = Transform3D(1, 0, 0, 0, 1, 0, 0, 0, 1, -121.141, 135.27, -131.732)

[node name="BarrierStoneBlock_01_A2" parent="AddedAssets" instance=ExtResource("5_8hyk5")]
transform = Transform3D(1, 0, 0, 0, 1, 0, 0, 0, 1, -162.787, 135.294, -58.9243)

[node name="BarrierStoneBlock_01_A3" parent="AddedAssets" instance=ExtResource("5_8hyk5")]
transform = Transform3D(1, 0, 0, 0, 1, 0, 0, 0, 1, -85.093, 135.294, -58.1209)

[node name="BarrierStoneBlock_01_A4" parent="AddedAssets" instance=ExtResource("5_8hyk5")]
transform = Transform3D(1, 0, 0, 0, 1, 0, 0, 0, 1, -95.1951, 135.294, -89.248)

[node name="BarrierStoneBlock_01_A11" parent="AddedAssets" instance=ExtResource("5_8hyk5")]
transform = Transform3D(1, 0, 0, 0, 1, 0, 0, 0, 1, -223.003, 127.562, 50.3587)

[node name="BarrierStoneBlock_01_A12" parent="AddedAssets" instance=ExtResource("5_8hyk5")]
transform = Transform3D(1, 0, 0, 0, 1, 0, 0, 0, 1, -223.003, 128.732, 49.9045)

[node name="Container_02_Open_A_Sand" parent="AddedAssets" instance=ExtResource("19_siy3j")]
transform = Transform3D(0.0347081, 0.0630866, 0.997404, -0.00219399, 0.998008, -0.0630485, -0.999395, 0, 0.0347774, -167.996, 126.954, -3.97227)

[node name="Container_02_Open_A_Sand2" parent="AddedAssets" instance=ExtResource("19_siy3j")]
transform = Transform3D(-0.675665, 0.0450004, 0.735834, -0.00219399, 0.998008, -0.0630485, -0.737205, -0.0442141, -0.674221, -146.547, 125.433, -3.97227)

[node name="Container_02_Open_A_Sand5" parent="AddedAssets" instance=ExtResource("19_siy3j")]
transform = Transform3D(0.0764412, 0.0630315, 0.99508, -0.00219399, 0.998008, -0.0630485, -0.997071, 0.00263626, 0.0764271, -90.6714, 123.58, -5.35783)

[node name="Container_02_Open_A_Sand3" parent="AddedAssets" instance=ExtResource("19_siy3j")]
transform = Transform3D(-0.993615, 0.00493656, 0.112718, 0.00933461, 0.999214, 0.038524, -0.112439, 0.0393302, -0.99288, -137.53, 121.729, 39.6821)

[node name="Container_02_Open_A_Sand4" parent="AddedAssets" instance=ExtResource("19_siy3j")]
transform = Transform3D(-0.992802, 0.04652, 0.110363, 0.0401962, 0.997457, -0.0588497, -0.11282, -0.0539899, -0.992148, -126.702, 121.729, 67.4329)

[node name="BarrierStoneBlock_01_F" parent="AddedAssets" instance=ExtResource("25_cd6xy")]
transform = Transform3D(1, 0, 0, 0, 1, 0, 0, 0, 1, -99.283, 123.461, -4.91171)

[node name="Sector" parent="." node_paths=PackedStringArray("SectorArea", "CapturePoints") instance=ExtResource("20_dlkpp")]
SectorArea = NodePath("../CombatArea/CombatVolume")
CapturePoints = [NodePath("../CombatArea/CapturePointA"), NodePath("../CombatArea/CapturePointB"), NodePath("../CombatArea/CapturePointC")]

[node name="Sector2" parent="." node_paths=PackedStringArray("SectorArea") instance=ExtResource("20_dlkpp")]
SectorArea = NodePath("../CombatArea/TEAM_1_HQ/HQ_Team1")

[node name="Sector3" parent="." node_paths=PackedStringArray("SectorArea") instance=ExtResource("20_dlkpp")]
SectorArea = NodePath("../CombatArea/TEAM_2_HQ/HQ_Team2")

[node name="CinderblockWall_01_256x120x192" parent="." instance=ExtResource("21_8cmeq")]
transform = Transform3D(0.0513076, 0, 0.998683, 0, 1, 0, -0.998683, 0, 0.0513076, -170.826, 125.772, 62.8852)

[node name="CinderblockWall_01_256x120x193" parent="." instance=ExtResource("21_8cmeq")]
transform = Transform3D(0.0513076, 0, 0.998683, 0, 1, 0, -0.998683, 0, 0.0513076, -183.968, 126.643, 55.0531)

[node name="CinderblockWall_01_A_256x120x64" parent="." instance=ExtResource("22_aci6m")]
transform = Transform3D(1, 0, 0, 0, 1, 0, 0, 0, 1, -180.966, 125.807, 63.4575)

[node name="CinderblockWall_01_A_256x120x65" parent="." instance=ExtResource("22_aci6m")]
transform = Transform3D(1, 0, 0, 0, 1, 0, 0, 0, 1, -180.966, 126.991, 63.4575)

[node name="Container_02_Open_C" parent="." instance=ExtResource("23_c80tb")]
transform = Transform3D(0.626238, 0.0777184, 0.775748, -0.00381049, 0.995312, -0.0966393, -0.779623, 0.0575632, 0.623598, -60.3436, 121.929, 6.17423)

[node name="AreaTrigger" parent="." node_paths=PackedStringArray("Area") instance=ExtResource("24_ukosc")]
ObjId = 7001
Area = NodePath("../CombatArea/TEAM_1_HQ/HQ_Team1")

[node name="AreaTrigger2" parent="." node_paths=PackedStringArray("Area") instance=ExtResource("24_ukosc")]
ObjId = 7002
Area = NodePath("../CombatArea/TEAM_2_HQ/HQ_Team2")

[node name="AreaTrigger3" parent="." node_paths=PackedStringArray("Area") instance=ExtResource("24_ukosc")]
ObjId = 20001
Area = NodePath("../PolygonVolume")

[node name="PolygonVolume" parent="." instance=ExtResource("2_l6sok")]
transform = Transform3D(1, 0, 0, 0, 1, 0, 0, 0, 1, -79.8156, 129.817, -66.4755)
points = PackedVector2Array(-25.2954, -22.0197, -25.2954, 7.3684, 14.1687, 8.6279, 14.5885, -21.32)
height = 12.0

[node name="AreaTrigger4" parent="." node_paths=PackedStringArray("Area") instance=ExtResource("24_ukosc")]
ObjId = 20002
Area = NodePath("../PolygonVolume")

[node name="PolygonVolume2" parent="." instance=ExtResource("2_l6sok")]
transform = Transform3D(1, 0, 0, 0, 1, 0, 0, 0, 1, -149.362, 134.271, -58.2544)
points = PackedVector2Array(-13.7012, -21.7834, -14.8121, 20.8776, 17.8502, 21.9886, 18.5168, -22.2278)
height = 6.0

[node name="BarrierConstruction_01_256_120_B" parent="." instance=ExtResource("13_7nbwr")]
transform = Transform3D(0.000122146, 0, 1, 0, 1, 0, -1, 0, 0.000122146, -311.015, 133.916, 1.89181)

[node name="BarrierStoneBlock_01_F" parent="." instance=ExtResource("25_cd6xy")]
transform = Transform3D(-0.045206, 0.00186751, 0.998976, 0.555058, 0.831478, 0.0235633, -0.830583, 0.555555, -0.0386244, -126.218, 127.506, -52.107)

[node name="BarrierStoneBlock_01_F4" parent="." instance=ExtResource("25_cd6xy")]
transform = Transform3D(-0.045206, 0.00186751, 0.998976, 8.44235e-05, 0.999998, -0.00186561, -0.998978, 2.17952e-10, -0.0452061, -128.94, 129.488, -121.941)

[node name="BarrierStoneBlock_01_F5" parent="." instance=ExtResource("25_cd6xy")]
transform = Transform3D(-0.997626, 0.000212704, 0.0688683, -0.0688661, -0.0115242, -0.997559, 0.000581468, -0.999934, 0.0115115, -112.143, 130.108, -176.133)

[node name="BarrierStoneBlock_01_F6" parent="." instance=ExtResource("25_cd6xy")]
transform = Transform3D(-0.997626, 0.000212704, 0.0688683, -0.0688661, -0.0115242, -0.997559, 0.000581468, -0.999934, 0.0115115, -112.143, 132.59, -176.133)

[node name="BarrierStoneBlock_01_F2" parent="." instance=ExtResource("25_cd6xy")]
transform = Transform3D(0.810649, -0.579824, 0.0815573, 0.57714, 0.814739, 0.0557641, -0.0987813, 0.00186481, 0.995107, -100.718, 126.47, -22.2658)

[node name="BarrierStoneBlock_01_F3" parent="." instance=ExtResource("25_cd6xy")]
transform = Transform3D(0.993201, 0.0364342, 0.110559, -0.0369773, 0.999312, 0.00286169, -0.110379, -0.00693041, 0.993865, -25.1212, 126.59, -23.5416)

[node name="BarrierStoneBlock_01_F7" parent="." instance=ExtResource("25_cd6xy")]
transform = Transform3D(-0.000907584, 8.59159e-12, 1, 0.999644, -0.0266654, 0.000907261, 0.0266654, 0.999644, 2.42011e-05, -185.191, 129.626, 59.1919)

[node name="BarrierStoneBlock_01_F8" parent="." instance=ExtResource("25_cd6xy")]
transform = Transform3D(-0.026662, -0.999638, -0.00358466, 0.999644, -0.0266654, 0.000907261, -0.00100252, -0.00355919, 0.999993, -169.908, 129.807, 46.8345)

[node name="BarrierStoneBlock_01_E" parent="." instance=ExtResource("24_fypq3")]
transform = Transform3D(0.708654, -0.0752579, 0.701531, 0.105605, 0.994408, 0, -0.697609, 0.0740849, 0.712638, -124.832, 122.793, 18.5939)
