[gd_scene load_steps=8 format=3 uid="uid://tk3fmm7h3to"]

[ext_resource type="PackedScene" path="res://objects/Gameplay/Common/HQ_PlayerSpawner.tscn" id="1_gxdnu"]
[ext_resource type="PackedScene" uid="uid://jv31so3xcr7p" path="res://addons/bf_portal/portal_tools/types/PolygonVolume/PolygonVolume.tscn" id="2_cjtf1"]
[ext_resource type="PackedScene" path="res://objects/entities/SpawnPoint.tscn" id="3_2gd63"]
[ext_resource type="PackedScene" path="res://objects/Gameplay/Common/DeployCam.tscn" id="4_lfqxt"]
[ext_resource type="PackedScene" path="res://objects/Gameplay/Common/CombatArea.tscn" id="5_06irk"]
[ext_resource type="PackedScene" path="res://static/MP_Granite_Marina_Portal_Terrain.tscn" id="6_80dgt"]
[ext_resource type="PackedScene" path="res://static/MP_Granite_Marina_Portal_Assets.tscn" id="7_77uas"]

[node name="MP_Granite_Marina_Portal" type="Node3D"]

[node name="TEAM_1_HQ" parent="." node_paths=PackedStringArray("HQArea", "InfantrySpawns") instance=ExtResource("1_gxdnu")]
transform = Transform3D(1, 0, 0, 0, 1, 0, 0, 0, 1, -1474.05, 103.092, -690.451)
AltTeam = 0
ObjId = 1
HQArea = NodePath("HQ_Team1")
InfantrySpawns = [NodePath("SpawnPoint_1_1"), NodePath("SpawnPoint_1_2"), NodePath("SpawnPoint_1_3"), NodePath("SpawnPoint_1_4")]

[node name="HQ_Team1" parent="TEAM_1_HQ" instance=ExtResource("2_cjtf1")]
transform = Transform3D(1, 0, 0, 0, 1, 0, 0, 0, 1, 0, 5, 0)
points = PackedVector2Array(5, 5, 5, -5, -5, -5, -5, 5)

[node name="SpawnPoint_1_1" parent="TEAM_1_HQ" instance=ExtResource("3_2gd63")]
transform = Transform3D(0.999884, 0, -0.0152535, 0, 1, 0, 0.0152535, 0, 0.999884, 0, 0, -3)

[node name="SpawnPoint_1_2" parent="TEAM_1_HQ" instance=ExtResource("3_2gd63")]
transform = Transform3D(-0.9995, 0, -0.0316198, 0, 1, 0, 0.0316198, 0, -0.9995, 3, 0, 0)

[node name="SpawnPoint_1_3" parent="TEAM_1_HQ" instance=ExtResource("3_2gd63")]
transform = Transform3D(-0.0428871, 0, 0.99908, 0, 1, 0, -0.99908, 0, -0.0428871, -3, 0, 0)

[node name="SpawnPoint_1_4" parent="TEAM_1_HQ" instance=ExtResource("3_2gd63")]
transform = Transform3D(0.0841819, 0, -0.99645, 0, 1, 0, 0.99645, 0, 0.0841819, 0, 0, 3)

[node name="TEAM_2_HQ" parent="." node_paths=PackedStringArray("HQArea", "InfantrySpawns") instance=ExtResource("1_gxdnu")]
transform = Transform3D(1, 0, 0, 0, 1, 0, 0, 0, 1, -1465.44, 102.992, -746.428)
Team = 2
AltTeam = 0
ObjId = 2
HQArea = NodePath("HQ_Team2")
InfantrySpawns = [NodePath("SpawnPoint_2_1"), NodePath("SpawnPoint_2_2"), NodePath("SpawnPoint_2_3"), NodePath("SpawnPoint_2_4")]

[node name="HQ_Team2" parent="TEAM_2_HQ" instance=ExtResource("2_cjtf1")]
transform = Transform3D(1, 0, 0, 0, 1, 0, 0, 0, 1, 0, 5, 0)
points = PackedVector2Array(5, 5, 5, -5, -5, -5, -5, 5)

[node name="SpawnPoint_2_1" parent="TEAM_2_HQ" instance=ExtResource("3_2gd63")]
transform = Transform3D(0.87795, 0, -0.478754, 0, 1, 0, 0.478754, 0, 0.87795, 0, 0, -3)

[node name="SpawnPoint_2_2" parent="TEAM_2_HQ" instance=ExtResource("3_2gd63")]
transform = Transform3D(-0.997604, 0, 0.0691822, 0, 1, 0, -0.0691822, 0, -0.997604, 3, 0, 0)

[node name="SpawnPoint_2_3" parent="TEAM_2_HQ" instance=ExtResource("3_2gd63")]
transform = Transform3D(0.162758, 0, 0.986666, 0, 1, 0, -0.986666, 0, 0.162758, -3, 0, 0)

[node name="SpawnPoint_2_4" parent="TEAM_2_HQ" instance=ExtResource("3_2gd63")]
transform = Transform3D(-0.165771, 0, -0.986164, 0, 1, 0, 0.986164, 0, -0.165771, 0, 0, 3)

[node name="CombatArea" parent="." node_paths=PackedStringArray("CombatVolume") instance=ExtResource("5_06irk")]
transform = Transform3D(1, 0, 0, 0, 1, 0, 0, 0, 1, -1167.17, 20.9261, -717.832)
CombatVolume = NodePath("CombatVolume")

[node name="CombatVolume" parent="CombatArea" instance=ExtResource("2_cjtf1")]
transform = Transform3D(1, 0, 0, 0, 1, 0, 0, 0, 1, 62.894, 134.381, -196.575)
points = PackedVector2Array(-252.975, -120.519, -365.648, -114.072, -545.753, -43.4908, -549.404, 243.703, -548.187, 540.632, 84.9089, 517.946, 143.027, 214.418, 141.577, 124.049, 193.264, 85.1891, 80.6865, -79.4021, -21.6323, -164.38, -198.214, -146.074)
height = 100.0

[node name="Camera3D" type="Camera3D" parent="."]
transform = Transform3D(1, 0, 0, 0, 0.101056, 0.994881, 0, -0.994881, 0.101056, -1286.43, 419.438, -701.466)

[node name="DeployCam" parent="Camera3D" instance=ExtResource("4_lfqxt")]

[node name="Static" type="Node3D" parent="."]

[node name="MP_Granite_Marina_Portal_Terrain" parent="Static" instance=ExtResource("6_80dgt")]
metadata/_edit_lock_ = true

[node name="MP_Granite_Marina_Portal_Assets" parent="Static" instance=ExtResource("7_77uas")]
metadata/_edit_lock_ = true