[gd_scene load_steps=10 format=3 uid="uid://dadlc5r0qyttx"]

[ext_resource type="PackedScene" path="res://objects/Gameplay/Common/HQ_PlayerSpawner.tscn" id="1_nlrid"]
[ext_resource type="PackedScene" uid="uid://jv31so3xcr7p" path="res://addons/bf_portal/portal_tools/types/PolygonVolume/PolygonVolume.tscn" id="2_i4ru3"]
[ext_resource type="PackedScene" path="res://objects/entities/SpawnPoint.tscn" id="3_je3t5"]
[ext_resource type="PackedScene" path="res://objects/Gameplay/Common/CombatArea.tscn" id="4_ipvq4"]
[ext_resource type="PackedScene" path="res://objects/Gameplay/Common/DeployCam.tscn" id="5_id10k"]
[ext_resource type="PackedScene" path="res://static/MP_Tungsten_Terrain.tscn" id="6_7d5vt"]
[ext_resource type="PackedScene" path="res://static/MP_Tungsten_Assets.tscn" id="7_daqfh"]
[ext_resource type="PackedScene" path="res://objects/Gameplay/Conquest/CapturePoint.tscn" id="8_je3t5"]
[ext_resource type="PackedScene" path="res://objects/Global/Props/BarrierStoneBlock_01_A.tscn" id="9_ipvq4"]

[node name="MP_Tungsten" type="Node3D"]

[node name="TEAM_1_HQ" parent="." node_paths=PackedStringArray("HQArea", "InfantrySpawns") instance=ExtResource("1_nlrid")]
transform = Transform3D(1, 0, 0, 0, 1, 0, 0, 0, 1, 187.094, 88.6247, -420.434)
AltTeam = 0
ObjId = 1
HQArea = NodePath("HQ_Team1")
InfantrySpawns = [NodePath("SpawnPoint_1_1"), NodePath("SpawnPoint_1_2"), NodePath("SpawnPoint_1_3"), NodePath("SpawnPoint_1_4")]

[node name="HQ_Team1" parent="TEAM_1_HQ" instance=ExtResource("2_i4ru3")]
transform = Transform3D(1, 0, 0, 0, 1, 0, 0, 0, 1, 0, 5, 0)
points = PackedVector2Array(5, 5, 5, -5, -5, -5, -5, 5)

[node name="SpawnPoint_1_1" parent="TEAM_1_HQ" instance=ExtResource("3_je3t5")]
transform = Transform3D(0.999884, 0, -0.0152535, 0, 1, 0, 0.0152535, 0, 0.999884, 0, 0, -3)

[node name="SpawnPoint_1_2" parent="TEAM_1_HQ" instance=ExtResource("3_je3t5")]
transform = Transform3D(-0.9995, 0, -0.0316198, 0, 1, 0, 0.0316198, 0, -0.9995, 3, 0, 0)

[node name="SpawnPoint_1_3" parent="TEAM_1_HQ" instance=ExtResource("3_je3t5")]
transform = Transform3D(-0.0428871, 0, 0.99908, 0, 1, 0, -0.99908, 0, -0.0428871, -3, 0, 0)

[node name="SpawnPoint_1_4" parent="TEAM_1_HQ" instance=ExtResource("3_je3t5")]
transform = Transform3D(0.0841819, 0, -0.99645, 0, 1, 0, 0.99645, 0, 0.0841819, 0, 0, 3)

[node name="TEAM_2_HQ" parent="." node_paths=PackedStringArray("HQArea", "InfantrySpawns") instance=ExtResource("1_nlrid")]
transform = Transform3D(1, 0, 0, 0, 1, 0, 0, 0, 1, 389.685, 93.1711, -463.949)
Team = 2
AltTeam = 0
ObjId = 2
HQArea = NodePath("HQ_Team2")
InfantrySpawns = [NodePath("SpawnPoint_2_1"), NodePath("SpawnPoint_2_2"), NodePath("SpawnPoint_2_3"), NodePath("SpawnPoint_2_4")]

[node name="HQ_Team2" parent="TEAM_2_HQ" instance=ExtResource("2_i4ru3")]
transform = Transform3D(1, 0, 0, 0, 1, 0, 0, 0, 1, 0, 5, 0)
points = PackedVector2Array(5, 5, 5, -5, -5, -5, -5, 5)

[node name="SpawnPoint_2_1" parent="TEAM_2_HQ" instance=ExtResource("3_je3t5")]
transform = Transform3D(0.87795, 0, -0.478754, 0, 1, 0, 0.478754, 0, 0.87795, 0, 0, -3)

[node name="SpawnPoint_2_2" parent="TEAM_2_HQ" instance=ExtResource("3_je3t5")]
transform = Transform3D(-0.997604, 0, 0.0691822, 0, 1, 0, -0.0691822, 0, -0.997604, 3, 0, 0)

[node name="SpawnPoint_2_3" parent="TEAM_2_HQ" instance=ExtResource("3_je3t5")]
transform = Transform3D(0.162758, 0, 0.986666, 0, 1, 0, -0.986666, 0, 0.162758, -3, 0, 0)

[node name="SpawnPoint_2_4" parent="TEAM_2_HQ" instance=ExtResource("3_je3t5")]
transform = Transform3D(-0.165771, 0, -0.986164, 0, 1, 0, 0.986164, 0, -0.165771, 0, 0, 3)

[node name="CombatArea" parent="." node_paths=PackedStringArray("CombatVolume") instance=ExtResource("4_ipvq4")]
CombatVolume = NodePath("CombatVolume")

[node name="CombatVolume" parent="CombatArea" instance=ExtResource("2_i4ru3")]
transform = Transform3D(1, 0, 0, 0, 1, 0, 0, 0, 1, 472.271, 140.862, 307.146)
points = PackedVector2Array(-702.802, -979.061, -843.403, -971.404, -1030.46, -937.497, -1122.94, -799.005, -1111.45, -682.545, -1104.19, -509.563, -1072.48, -188.984, -830.725, -175.347, -667.134, -196.858, -597.728, -188.523, -546.841, -153.427, -449.941, -146.837, -376.636, -152.327, -294.136, -155.606, -212.896, -161.719, -125.098, -172.376, -58.8558, -176.36, 113.226, -171.032, 313.616, -172.791, 327.508, -313.767, 323.584, -511.305, 329.415, -749.487, 305.962, -944.735, 65.5888, -987.657, -190.707, -1008.46, -332.326, -964.644, -429.412, -984.965, -545.701, -993.851)
height = 100.0

[node name="Camera3D" type="Camera3D" parent="."]
transform = Transform3D(1, 0, 0, 0, 0.101056, 0.994881, 0, -0.994881, 0.101056, -15.5236, 408.54, -265.293)

[node name="DeployCam" parent="Camera3D" instance=ExtResource("5_id10k")]

[node name="Static" type="Node3D" parent="."]

[node name="MP_Tungsten_Terrain" parent="Static" instance=ExtResource("6_7d5vt")]
metadata/_edit_lock_ = true

[node name="MP_Tungsten_Assets" parent="Static" instance=ExtResource("7_daqfh")]
metadata/_edit_lock_ = true

[node name="CapturePointA" parent="." node_paths=PackedStringArray("CaptureArea", "InfantrySpawnPoints_Team1", "InfantrySpawnPoints_Team2") instance=ExtResource("8_je3t5")]
transform = Transform3D(1, 0, 0, 0, 1, 0, 0, 0, 1, 249.544, 31.4216, -376.84)
ObjId = 201
CaptureArea = NodePath("CaptureArea")
InfantrySpawnPoints_Team1 = [NodePath("Team1/SpawnPoint"), NodePath("Team1/SpawnPoint2"), NodePath("Team1/SpawnPoint3"), NodePath("Team1/SpawnPoint4"), NodePath("Team1/SpawnPoint5")]
InfantrySpawnPoints_Team2 = [NodePath("Team2/SpawnPoint"), NodePath("Team2/SpawnPoint2"), NodePath("Team2/SpawnPoint3"), NodePath("Team2/SpawnPoint4"), NodePath("Team2/SpawnPoint5")]

[node name="CaptureArea" parent="CapturePointA" instance=ExtResource("2_i4ru3")]
points = PackedVector2Array(-7.42621, -7.94896, -7.02907, 4.83682, 8.11049, 4.71661, 8.34502, -6.97572)
height = 3.0

[node name="Team1" type="Node3D" parent="CapturePointA"]

[node name="SpawnPoint" parent="CapturePointA/Team1" instance=ExtResource("3_je3t5")]
transform = Transform3D(1, 0, 0, 0, 1, 0, 0, 0, 1, -52.7859, 0, -3.88657)

[node name="SpawnPoint2" parent="CapturePointA/Team1" instance=ExtResource("3_je3t5")]
transform = Transform3D(1, 0, 0, 0, 1, 0, 0, 0, 1, -46.3773, 0, 28.7329)

[node name="SpawnPoint3" parent="CapturePointA/Team1" instance=ExtResource("3_je3t5")]
transform = Transform3D(1, 0, 0, 0, 1, 0, 0, 0, 1, -43.5647, 0, -37.104)

[node name="SpawnPoint4" parent="CapturePointA/Team1" instance=ExtResource("3_je3t5")]
transform = Transform3D(1, 0, 0, 0, 1, 0, 0, 0, 1, -24.5306, 0, -49.6655)

[node name="SpawnPoint5" parent="CapturePointA/Team1" instance=ExtResource("3_je3t5")]
transform = Transform3D(1, 0, 0, 0, 1, 0, 0, 0, 1, -40.5766, 0, 55.1887)

[node name="Team2" type="Node3D" parent="CapturePointA"]

[node name="SpawnPoint" parent="CapturePointA/Team2" instance=ExtResource("3_je3t5")]
transform = Transform3D(1, 0, 0, 0, 1, 0, 0, 0, 1, 49.8968, 0, 14.8525)

[node name="SpawnPoint2" parent="CapturePointA/Team2" instance=ExtResource("3_je3t5")]
transform = Transform3D(1, 0, 0, 0, 1, 0, 0, 0, 1, 24.7284, 0, -56.5522)

[node name="SpawnPoint3" parent="CapturePointA/Team2" instance=ExtResource("3_je3t5")]
transform = Transform3D(1, 0, 0, 0, 1, 0, 0, 0, 1, 6.43304, 0, -58.2523)

[node name="SpawnPoint4" parent="CapturePointA/Team2" instance=ExtResource("3_je3t5")]
transform = Transform3D(1, 0, 0, 0, 1, 0, 0, 0, 1, -3.01546, 0, -52.5097)

[node name="SpawnPoint5" parent="CapturePointA/Team2" instance=ExtResource("3_je3t5")]
transform = Transform3D(1, 0, 0, 0, 1, 0, 0, 0, 1, 50.3086, 0, -19.909)

[node name="CapturePointB" parent="." node_paths=PackedStringArray("CaptureArea", "InfantrySpawnPoints_Team1", "InfantrySpawnPoints_Team2") instance=ExtResource("8_je3t5")]
transform = Transform3D(1, 0, 0, 0, 1, 0, 0, 0, 1, 289.041, 24.6796, -440.023)
ObjId = 202
CaptureArea = NodePath("CaptureArea")
InfantrySpawnPoints_Team1 = [NodePath("Team1/SpawnPoint"), NodePath("Team1/SpawnPoint2"), NodePath("Team1/SpawnPoint3"), NodePath("Team1/SpawnPoint4"), NodePath("Team1/SpawnPoint5")]
InfantrySpawnPoints_Team2 = [NodePath("Team2/SpawnPoint"), NodePath("Team2/SpawnPoint2"), NodePath("Team2/SpawnPoint3"), NodePath("Team2/SpawnPoint4"), NodePath("Team2/SpawnPoint5")]

[node name="CaptureArea" parent="CapturePointB" instance=ExtResource("2_i4ru3")]
transform = Transform3D(1, 0, 0, 0, 1, 0, 0, 0, 1, 0, 0, 3.58723)
points = PackedVector2Array(-6.71598, -11.1607, -9.71693, 4.20657, 9.13322, 5.98482, 10.7912, -10.849)
height = 6.0

[node name="Team1" type="Node3D" parent="CapturePointB"]

[node name="SpawnPoint" parent="CapturePointB/Team1" instance=ExtResource("3_je3t5")]
transform = Transform3D(0.067371, 0, 0.997728, 0, 1, 0, -0.997728, 0, 0.067371, -18.4948, 0.208923, 47.1947)

[node name="SpawnPoint2" parent="CapturePointB/Team1" instance=ExtResource("3_je3t5")]
transform = Transform3D(-0.561708, 0, 0.827336, 0, 1, 0, -0.827336, 0, -0.561708, -56.6898, 4.47378, 6.39396)

[node name="SpawnPoint3" parent="CapturePointB/Team1" instance=ExtResource("3_je3t5")]
transform = Transform3D(1, 0, 0, 0, 1, 0, 0, 0, 1, -39.9257, 5.40627, -11.4476)

[node name="SpawnPoint4" parent="CapturePointB/Team1" instance=ExtResource("3_je3t5")]
transform = Transform3D(0.0808947, 0, 0.996723, 0, 1, 0, -0.996723, 0, 0.0808947, -38.6276, 5.34712, -28.331)

[node name="SpawnPoint5" parent="CapturePointB/Team1" instance=ExtResource("3_je3t5")]
transform = Transform3D(-0.950402, 0, 0.311025, 0, 1, 0, -0.311025, 0, -0.950402, -40.8902, 0.245003, 28.3942)

[node name="Team2" type="Node3D" parent="CapturePointB"]

[node name="SpawnPoint" parent="CapturePointB/Team2" instance=ExtResource("3_je3t5")]
transform = Transform3D(-0.935826, 0, -0.352462, 0, 1, 0, 0.352462, 0, -0.935826, 37.6029, 3.80785, -15.0691)

[node name="SpawnPoint2" parent="CapturePointB/Team2" instance=ExtResource("3_je3t5")]
transform = Transform3D(1, 0, 0, 0, 1, 0, 0, 0, 1, 30.7414, 5.06164, -40.5366)

[node name="SpawnPoint3" parent="CapturePointB/Team2" instance=ExtResource("3_je3t5")]
transform = Transform3D(0.53023, 0, -0.847854, 0, 1, 0, 0.847854, 0, 0.53023, 46.4112, 0.82547, 11.641)

[node name="SpawnPoint4" parent="CapturePointB/Team2" instance=ExtResource("3_je3t5")]
transform = Transform3D(1, 0, 0, 0, 1, 0, 0, 0, 1, 15.5648, 6.34277, -58.2558)

[node name="SpawnPoint5" parent="CapturePointB/Team2" instance=ExtResource("3_je3t5")]
transform = Transform3D(-0.884483, 0, -0.466572, 0, 1, 0, 0.466572, 0, -0.884483, 39.6109, 0.848587, 53.3923)

[node name="BarrierStoneBlock_01_A" parent="CapturePointB" instance=ExtResource("9_ipvq4")]
transform = Transform3D(1, 0, 0, 0, 1, 0, 0, 0, 1, 1.86164, -0.0818405, 2.78345)

[node name="BarrierStoneBlock_01_A2" parent="CapturePointB" instance=ExtResource("9_ipvq4")]
transform = Transform3D(1, 0, 0, 0, 1, 0, 0, 0, 1, 1.86164, 1.12283, 2.78345)

[node name="BarrierStoneBlock_01_A4" parent="CapturePointB" instance=ExtResource("9_ipvq4")]
transform = Transform3D(1, 0, 0, 0, 1, 0, 0, 0, 1, 1.86164, 0.556618, 1.48117)

[node name="BarrierStoneBlock_01_A5" parent="CapturePointB" instance=ExtResource("9_ipvq4")]
transform = Transform3D(1, 0, 0, 0, 1, 0, 0, 0, 1, 1.86164, 0.142998, 4.05739)

[node name="CapturePointC" parent="." node_paths=PackedStringArray("CaptureArea", "InfantrySpawnPoints_Team1", "InfantrySpawnPoints_Team2") instance=ExtResource("8_je3t5")]
transform = Transform3D(1, 0, 0, 0, 1, 0, 0, 0, 1, 328.55, 32.4026, -506.408)
ObjId = 203
CaptureArea = NodePath("CaptureArea")
InfantrySpawnPoints_Team1 = [NodePath("Team1/SpawnPoint"), NodePath("Team1/SpawnPoint2"), NodePath("Team1/SpawnPoint3"), NodePath("Team1/SpawnPoint4"), NodePath("Team1/SpawnPoint5")]
InfantrySpawnPoints_Team2 = [NodePath("Team2/SpawnPoint"), NodePath("Team2/SpawnPoint2"), NodePath("Team2/SpawnPoint3"), NodePath("Team2/SpawnPoint4"), NodePath("Team2/SpawnPoint5")]

[node name="CaptureArea" parent="CapturePointC" instance=ExtResource("2_i4ru3")]
points = PackedVector2Array(-7.12566, -7.18604, -6.72368, 4.9811, 6.2133, 5.00711, 6.3878, -6.99629)
height = 3.0

[node name="Team1" type="Node3D" parent="CapturePointC"]

[node name="SpawnPoint" parent="CapturePointC/Team1" instance=ExtResource("3_je3t5")]
transform = Transform3D(-0.997868, 0, -0.0652637, 0, 1, 0, 0.0652637, 0, -0.997868, -43.4089, 0.930244, -5.1039)

[node name="SpawnPoint2" parent="CapturePointC/Team1" instance=ExtResource("3_je3t5")]
transform = Transform3D(1, 0, 0, 0, 1, 0, 0, 0, 1, -34.9864, -0.22261, -29.7876)

[node name="SpawnPoint3" parent="CapturePointC/Team1" instance=ExtResource("3_je3t5")]
transform = Transform3D(-0.918757, 0, -0.394824, 0, 1, 0, 0.394824, 0, -0.918757, -29.6122, -1.18302, 47.4649)

[node name="SpawnPoint4" parent="CapturePointC/Team1" instance=ExtResource("3_je3t5")]
transform = Transform3D(1, 0, 0, 0, 1, 0, 0, 0, 1, -16.2403, -0.196899, -34.6857)

[node name="SpawnPoint5" parent="CapturePointC/Team1" instance=ExtResource("3_je3t5")]
transform = Transform3D(1, 0, 0, 0, 1, 0, 0, 0, 1, -40.7886, 0.708046, -16.153)

[node name="Team2" type="Node3D" parent="CapturePointC"]

[node name="SpawnPoint" parent="CapturePointC/Team2" instance=ExtResource("3_je3t5")]
transform = Transform3D(0.984417, 0, -0.175848, 0, 1, 0, 0.175848, 0, 0.984417, 33.5402, -3.37243, -9.12376)

[node name="SpawnPoint2" parent="CapturePointC/Team2" instance=ExtResource("3_je3t5")]
transform = Transform3D(1, 0, 0, 0, 1, 0, 0, 0, 1, 22.881, -0.433067, -21.991)

[node name="SpawnPoint3" parent="CapturePointC/Team2" instance=ExtResource("3_je3t5")]
transform = Transform3D(0.862752, 0, -0.505627, 0, 1, 0, 0.505627, 0, 0.862752, 32.9793, -2.89063, 14.1857)

[node name="SpawnPoint4" parent="CapturePointC/Team2" instance=ExtResource("3_je3t5")]
transform = Transform3D(-0.985292, 0, 0.17088, 0, 1, 0, -0.17088, 0, -0.985292, 18.1845, -1.28014, 46.8328)

[node name="SpawnPoint5" parent="CapturePointC/Team2" instance=ExtResource("3_je3t5")]
transform = Transform3D(0.432605, 0, -0.901583, 0, 1, 0, 0.901583, 0, 0.432605, 11.1277, -0.379654, -31.641)
