[gd_scene load_steps=22 format=3 uid="uid://c0k8vclccpejx"]

[ext_resource type="PackedScene" path="res://objects/Gameplay/Common/Sector.tscn" id="1_38ucc"]
[ext_resource type="PackedScene" path="res://objects/Gameplay/Common/DeployCam.tscn" id="2_oqx6n"]
[ext_resource type="PackedScene" path="res://static/MP_Battery_Terrain.tscn" id="3_t33kg"]
[ext_resource type="PackedScene" path="res://static/MP_Battery_Assets.tscn" id="4_02dq6"]
[ext_resource type="Script" uid="uid://dbxj70dx52h6f" path="res://scripts/gameplay/common/CombatArea.gd" id="5_jl5fk"]
[ext_resource type="PackedScene" uid="uid://jv31so3xcr7p" path="res://addons/bf_portal/portal_tools/types/PolygonVolume/PolygonVolume.tscn" id="6_b6kgk"]
[ext_resource type="PackedScene" path="res://objects/Gameplay/Common/HQ_PlayerSpawner.tscn" id="7_v7kef"]
[ext_resource type="PackedScene" path="res://objects/entities/SpawnPoint.tscn" id="8_euil5"]
[ext_resource type="PackedScene" path="res://objects/Gameplay/Common/InteractPoint.tscn" id="9_q2gd6"]
[ext_resource type="PackedScene" path="res://objects/gameplay/common/VehicleSpawner.tscn" id="10_jmb81"]
[ext_resource type="PackedScene" path="res://objects/props/FlagPole_01_USA.tscn" id="11_hidwm"]
[ext_resource type="Script" uid="uid://3hvpbglts2bi" path="res://scripts/gameplay/common/WorldIcon.gd" id="12_twi2o"]
[ext_resource type="PackedScene" path="res://objects/Gameplay/Common/WorldIcon.tscn" id="13_7jq18"]
[ext_resource type="PackedScene" path="res://objects/props/BarrierStoneBlock_01_G.tscn" id="14_qhw0m"]
[ext_resource type="PackedScene" path="res://objects/props/BarrierStoneBlock_01_A.tscn" id="15_jv6rr"]
[ext_resource type="PackedScene" path="res://objects/gameplay/common/AreaTrigger.tscn" id="16_h3e5b"]
[ext_resource type="PackedScene" path="res://objects/Gameplay/Conquest/CapturePoint.tscn" id="17_svgi8"]
[ext_resource type="PackedScene" path="res://objects/props/BarrierBlockConcrete_03_128_120.tscn" id="18_87ivg"]
[ext_resource type="PackedScene" path="res://objects/props/BarrierStoneBlock_01_H.tscn" id="19_38ucc"]
[ext_resource type="PackedScene" path="res://objects/props/BarrierStoneBlock_01_F.tscn" id="19_ylbpj"]
[ext_resource type="PackedScene" path="res://objects/gameplay/common/FixedCamera.tscn" id="21_t33kg"]

[node name="MP_Battery" type="Node3D"]

[node name="Sector" parent="." node_paths=PackedStringArray("SectorArea", "CapturePoints") instance=ExtResource("1_38ucc")]
SectorArea = NodePath("../CombatArea/PolygonVolume")
CapturePoints = [NodePath("../CapturePointA"), NodePath("../CapturePointB"), NodePath("../CapturePointC")]

[node name="DeployCam" parent="." instance=ExtResource("2_oqx6n")]
transform = Transform3D(1, 0, 0, 0, 0, 1, 0, -1, 0, 830.503, 400, 144.109)

[node name="Static" type="Node3D" parent="."]

[node name="MP_Battery_Terrain" parent="Static" instance=ExtResource("3_t33kg")]
metadata/_edit_lock_ = true

[node name="MP_Battery_Assets" parent="Static" instance=ExtResource("4_02dq6")]
metadata/_edit_lock_ = true

[node name="Team1_HQ" parent="." node_paths=PackedStringArray("HQArea", "InfantrySpawns") instance=ExtResource("7_v7kef")]
transform = Transform3D(1, 0, 0, 0, 1, 0, 0, 0, 1, 920, 82.147, 265)
ObjId = 101
HQArea = NodePath("PolygonVolume")
InfantrySpawns = [NodePath("SpawnPoint"), NodePath("SpawnPoint2"), NodePath("SpawnPoint3"), NodePath("SpawnPoint4")]

[node name="PolygonVolume" parent="Team1_HQ" instance=ExtResource("6_b6kgk")]
transform = Transform3D(1, 0, 0, 0, 1, 0, 0, 0, 1, -14.841, 0, -7.381)
points = PackedVector2Array(17.5442, -13.4229, 27.7751, -9.99643, 29.7588, 7.59239, 37.8408, 21.3806, 18.1211, 34.4386, 10.054, 22.1396, 6.21887, 24.7846, -8.32828, 2.69927, -13.8425, 2.30769, -19.0997, 5.59337, -62.9524, -11.6173, -41.7954, -25.5467, -21.2209, -17.0914, 19.9262, -43.2611)

[node name="SpawnPoint" parent="Team1_HQ" instance=ExtResource("8_euil5")]
transform = Transform3D(-0.696326, 0, -0.717725, 0, 1, 0, 0.717725, 0, -0.696326, 9.30835, -0.0888214, 15.7366)

[node name="SpawnPoint2" parent="Team1_HQ" instance=ExtResource("8_euil5")]
transform = Transform3D(-0.696326, 0, -0.717725, 0, 1, 0, 0.717725, 0, -0.696326, 17.6898, -0.205284, 10.3231)

[node name="SpawnPoint3" parent="Team1_HQ" instance=ExtResource("8_euil5")]
transform = Transform3D(-0.696326, 0, -0.717725, 0, 1, 0, 0.717725, 0, -0.696326, 17.7609, -0.258667, 7.71402)

[node name="SpawnPoint4" parent="Team1_HQ" instance=ExtResource("8_euil5")]
transform = Transform3D(-0.696326, 0, -0.717725, 0, 1, 0, 0.717725, 0, -0.696326, 5.35217, -0.122498, 19.1589)

[node name="InteractPointSpectate" parent="Team1_HQ" instance=ExtResource("9_q2gd6")]
transform = Transform3D(1, 0, 0, 0, 1, 0, 0, 0, 1, 11.9273, 0.535103, -11.2236)
ObjId = 6001

[node name="IFVSpawner" parent="Team1_HQ" instance=ExtResource("10_jmb81")]
transform = Transform3D(-0.707107, 0, -0.707107, 0, 1, 0, 0.707107, 0, -0.707107, 0, 0, 11.3046)
ObjId = 701
VehicleType = 17
P_DefaultRespawnTime = 120

[node name="InteractArea" parent="Team1_HQ" instance=ExtResource("11_hidwm")]
transform = Transform3D(1, 0, 0, 0, 1, 0, 0, 0, 1, 0, -0.175461, 0)

[node name="InteractPointChangeTeam" parent="Team1_HQ/InteractArea" instance=ExtResource("9_q2gd6")]
transform = Transform3D(1, 0, 0, 0, 1, 0, 0, 0, 1, 3, 1, 0)
ObjId = 2001

[node name="WorldIcon" type="Node3D" parent="Team1_HQ/InteractArea/InteractPointChangeTeam"]
script = ExtResource("12_twi2o")
ObjId = 5001
iconTextVisible = true
iconColor = [0.0, 1.0, 0.0]
iconImagePicker = 6
iconImageVisible = true
iconTeamOwnerId = 1

[node name="InteractPointReady" parent="Team1_HQ/InteractArea" instance=ExtResource("9_q2gd6")]
transform = Transform3D(1, 0, 0, 0, 1, 0, 0, 0, 1, -3, 1, 0)
ObjId = 2002

[node name="WorldIcon" type="Node3D" parent="Team1_HQ/InteractArea/InteractPointReady"]
script = ExtResource("12_twi2o")
ObjId = 5002
iconTextVisible = true
iconColor = [0.0, 0.5, 1.0]
iconImagePicker = 7
iconImageVisible = true
iconTeamOwnerId = 1

[node name="WorldIcon" parent="Team1_HQ/InteractArea" instance=ExtResource("13_7jq18")]
transform = Transform3D(1, 0, 0, 0, 1, 0, 0, 0, 1, 0, 2, 0)
ObjId = 5011
iconTextVisible = true
iconColor = [0.0, 0.0, 1.0]
iconImagePicker = 7
iconTeamOwnerId = 1

[node name="Team2_HQ" parent="." node_paths=PackedStringArray("HQArea", "InfantrySpawns") instance=ExtResource("7_v7kef")]
transform = Transform3D(1, 0, 0, 0, 1, 0, 0, 0, 1, 660, 75.555, 200)
Team = 2
AltTeam = 1
ObjId = 102
HQArea = NodePath("PolygonVolume")
InfantrySpawns = [NodePath("SpawnPoint"), NodePath("SpawnPoint2"), NodePath("SpawnPoint3"), NodePath("SpawnPoint4")]

[node name="PolygonVolume" parent="Team2_HQ" instance=ExtResource("6_b6kgk")]
transform = Transform3D(1, 0, 0, 0, 1, 0, 0, 0, 1, 42.437, 0, 5.855)
points = PackedVector2Array(-53.0502, 28.7931, -7.71386, 40.3908, 24.4433, 38.8093, 56.6618, 33.0238, 49.2155, 13.2101, 20.7284, 13.5336, 4.93814, -92.7188, -42.4367, -50.8552, -52.7867, -24.1871)

[node name="SpawnPoint" parent="Team2_HQ" instance=ExtResource("8_euil5")]
transform = Transform3D(-0.685119, 0, 0.728431, 0, 1, 0, -0.728431, 0, -0.685119, 11.1503, -3.6268, -40.2691)

[node name="SpawnPoint2" parent="Team2_HQ" instance=ExtResource("8_euil5")]
transform = Transform3D(-0.80536, 0, 0.592787, 0, 1, 0, -0.592787, 0, -0.80536, 15.7982, -0.533333, -10.5953)

[node name="SpawnPoint3" parent="Team2_HQ" instance=ExtResource("8_euil5")]
transform = Transform3D(0.0925094, 0, 0.995712, 0, 1, 0, -0.995712, 0, 0.0925094, 23.5078, 0.422005, 5.5818)

[node name="SpawnPoint4" parent="Team2_HQ" instance=ExtResource("8_euil5")]
transform = Transform3D(-0.170828, 0, 0.985301, 0, 1, 0, -0.985301, 0, -0.170828, 29.9556, 5.83788, 31.0846)

[node name="IFVSpawner" parent="Team2_HQ" instance=ExtResource("10_jmb81")]
transform = Transform3D(-4.37114e-08, 0, 1, 0, 1, 0, -1, 0, -4.37114e-08, -3.66382, 0.667709, 7.9081)
ObjId = 702
VehicleType = 3
P_DefaultRespawnTime = 120

[node name="InteractArea" parent="Team2_HQ" instance=ExtResource("11_hidwm")]
transform = Transform3D(-4.37114e-08, 0, 1, 0, 1, 0, -1, 0, -4.37114e-08, 0, 0, 0)

[node name="InteractPointChangeTeam" parent="Team2_HQ/InteractArea" instance=ExtResource("9_q2gd6")]
transform = Transform3D(-4.37114e-08, 0, 1, 0, 1, 0, -1, 0, -4.37114e-08, 3, 1, 0)
ObjId = 2003

[node name="WorldIcon" type="Node3D" parent="Team2_HQ/InteractArea/InteractPointChangeTeam"]
script = ExtResource("12_twi2o")
ObjId = 5003
iconTextVisible = true
iconColor = [0.0, 1.0, 0.0]
iconImagePicker = 6
iconImageVisible = true
iconTeamOwnerId = 2

[node name="InteractPointReady" parent="Team2_HQ/InteractArea" instance=ExtResource("9_q2gd6")]
transform = Transform3D(-1, 0, -8.74228e-08, 0, 1, 0, 8.74228e-08, 0, -1, -3, 1, 0)
ObjId = 2004

[node name="WorldIcon" type="Node3D" parent="Team2_HQ/InteractArea/InteractPointReady"]
script = ExtResource("12_twi2o")
ObjId = 5004
iconTextVisible = true
iconColor = [0.0, 0.5, 1.0]
iconImagePicker = 7
iconImageVisible = true
iconTeamOwnerId = 2

[node name="WorldIcon" parent="Team2_HQ/InteractArea" instance=ExtResource("13_7jq18")]
transform = Transform3D(1, 0, 0, 0, 1, 0, 0, 0, 1, 0, 2, 0)
ObjId = 5012
iconTextVisible = true
iconColor = [0.0, 0.0, 1.0]
iconImagePicker = 7
iconTeamOwnerId = 2

[node name="CombatArea" type="Node3D" parent="." node_paths=PackedStringArray("CombatVolume")]
transform = Transform3D(1, 0, 0, 0, 1, 0, 0, 0, 1, 820, 89.208, 150)
script = ExtResource("5_jl5fk")
CombatVolume = NodePath("PolygonVolume")

[node name="PolygonVolume" parent="CombatArea" instance=ExtResource("6_b6kgk")]
transform = Transform3D(1, 0, 0, 0, 1, 0, 0, 0, 1, -4.76794, 0, 6.32703)
points = PackedVector2Array(109.825, 58.0667, 99.9273, -16.3413, 56.1483, -58.4617, 62.0946, -86.5689, 8.41559, -145.607, -16.76, -125.151, -28.6134, -128.628, -95.8384, -62.3904, -107.81, -43.2047, -92.088, 63.0858, -63.5571, 62.7262, -56.1554, 82.5503, -24.319, 69.2364, 4.92237, 81.0676, 26.9732, 89.6973, 48.1441, 75.7093, 68.6914, 84.214)

[node name="BarrierStoneBlock_01_A6" parent="." instance=ExtResource("15_jv6rr")]
transform = Transform3D(0.961195, 0.158252, -0.225963, -0.0292127, -0.756104, -0.6538, -0.274316, 0.635031, -0.722141, 917.562, 83.3879, 259.655)

[node name="AreaTrigger" parent="." node_paths=PackedStringArray("Area") instance=ExtResource("16_h3e5b")]
ObjId = 7001
Area = NodePath("../Team1_HQ/PolygonVolume")

[node name="AreaTrigger2" parent="." node_paths=PackedStringArray("Area") instance=ExtResource("16_h3e5b")]
ObjId = 7002
Area = NodePath("../Team2_HQ/PolygonVolume")

[node name="CapturePointA" parent="." node_paths=PackedStringArray("CaptureArea", "InfantrySpawnPoints_Team1", "InfantrySpawnPoints_Team2") instance=ExtResource("17_svgi8")]
transform = Transform3D(1, 0, 0, 0, 1, 0, 0, 0, 1, 869.993, 85.7035, 199.654)
ObjId = 201
CaptureArea = NodePath("CaptureArea")
InfantrySpawnPoints_Team1 = [null, null, NodePath("Spawns/Team1/SpawnPoint3"), NodePath("Spawns/Team1/SpawnPoint4"), NodePath("Spawns/Team1/SpawnPoint5")]
InfantrySpawnPoints_Team2 = [NodePath("Spawns/Team2/SpawnPoint"), NodePath("Spawns/Team2/SpawnPoint2"), NodePath("Spawns/Team2/SpawnPoint3"), NodePath("Spawns/Team2/SpawnPoint4"), NodePath("Spawns/Team2/SpawnPoint5")]

[node name="CaptureArea" parent="CapturePointA" instance=ExtResource("6_b6kgk")]
points = PackedVector2Array(-2.02301, -10.9211, -13.5085, 4.60248, 1.08356, 13.8277, 11.8449, 13.5736, 13.421, -4.70917)
height = 10.0

[node name="Spawns" type="Node3D" parent="CapturePointA"]

[node name="Team1" type="Node3D" parent="CapturePointA/Spawns"]

[node name="SpawnPoint3" parent="CapturePointA/Spawns/Team1" instance=ExtResource("8_euil5")]
transform = Transform3D(-0.685742, 0, -0.727845, 0, 1, 0, 0.727845, 0, -0.685742, 31.6957, -0.0310364, 38.1447)

[node name="SpawnPoint4" parent="CapturePointA/Spawns/Team1" instance=ExtResource("8_euil5")]
transform = Transform3D(0.609647, 0, -0.792673, 0, 1, 0, 0.792673, 0, 0.609647, 51.6134, 0, 29.5861)

[node name="SpawnPoint5" parent="CapturePointA/Spawns/Team1" instance=ExtResource("8_euil5")]
transform = Transform3D(-0.990655, 0, 0.13639, 0, 1, 0, -0.13639, 0, -0.990655, 42.9611, 0, 41.6906)

[node name="Team2" type="Node3D" parent="CapturePointA/Spawns"]

[node name="SpawnPoint" parent="CapturePointA/Spawns/Team2" instance=ExtResource("8_euil5")]
transform = Transform3D(0.63284, 0, 0.774282, 0, 1, 0, -0.774282, 0, 0.63284, -43.855, 3.65222, 24.4016)

[node name="SpawnPoint2" parent="CapturePointA/Spawns/Team2" instance=ExtResource("8_euil5")]
transform = Transform3D(-0.606641, 0, -0.794976, 0, 1, 0, 0.794976, 0, -0.606641, -52.6586, 2.05202, 13.2309)

[node name="SpawnPoint3" parent="CapturePointA/Spawns/Team2" instance=ExtResource("8_euil5")]
transform = Transform3D(0.742245, 0, -0.670129, 0, 1, 0, 0.670129, 0, 0.742245, -24.0103, -3.45623, -32.1209)

[node name="SpawnPoint4" parent="CapturePointA/Spawns/Team2" instance=ExtResource("8_euil5")]
transform = Transform3D(0.708241, 0, 0.70597, 0, 1, 0, -0.70597, 0, 0.708241, -19.549, -3.03079, -39.053)

[node name="SpawnPoint5" parent="CapturePointA/Spawns/Team2" instance=ExtResource("8_euil5")]
transform = Transform3D(-0.359085, 0, 0.933305, 0, 1, 0, -0.933305, 0, -0.359085, -46.6003, 3.8658, 35.8616)

[node name="CapturePointB" parent="." node_paths=PackedStringArray("CaptureArea", "InfantrySpawnPoints_Team1", "InfantrySpawnPoints_Team2") instance=ExtResource("17_svgi8")]
transform = Transform3D(1, 0, 0, 0, 1, 0, 0, 0, 1, 853.264, 74.3052, 80.5059)
ObjId = 202
CaptureArea = NodePath("CaptureArea")
InfantrySpawnPoints_Team1 = [NodePath("Spawns/Team1/SpawnPoint"), NodePath("Spawns/Team1/SpawnPoint2"), NodePath("Spawns/Team1/SpawnPoint3"), NodePath("Spawns/Team1/SpawnPoint4"), NodePath("Spawns/Team1/SpawnPoint5")]
InfantrySpawnPoints_Team2 = [NodePath("Spawns/Team2/SpawnPoint"), NodePath("Spawns/Team2/SpawnPoint2"), NodePath("Spawns/Team2/SpawnPoint3"), NodePath("Spawns/Team2/SpawnPoint4"), NodePath("Spawns/Team2/SpawnPoint5")]

[node name="CaptureArea" parent="CapturePointB" instance=ExtResource("6_b6kgk")]
transform = Transform3D(1, 0, 0, 0, 1, 0, 0, 0, 1, 0, -0.17305, 0)
points = PackedVector2Array(-4.46826, -5.34743, -13.0037, 1.81949, -4.10754, 11.2928, 10.4252, 0.635109)
height = 10.0

[node name="Spawns" type="Node3D" parent="CapturePointB"]

[node name="Team1" type="Node3D" parent="CapturePointB/Spawns"]

[node name="SpawnPoint" parent="CapturePointB/Spawns/Team1" instance=ExtResource("8_euil5")]
transform = Transform3D(0.956142, 0, 0.292905, 0, 1, 0, -0.292905, 0, 0.956142, -15.2791, 0.0244064, -37.7297)

[node name="SpawnPoint2" parent="CapturePointB/Spawns/Team1" instance=ExtResource("8_euil5")]
transform = Transform3D(0.879499, 0, 0.475901, 0, 1, 0, -0.475901, 0, 0.879499, -4.30444, 0.102982, -40.4086)

[node name="SpawnPoint3" parent="CapturePointB/Spawns/Team1" instance=ExtResource("8_euil5")]
transform = Transform3D(0.870089, 0, 0.492895, 0, 1, 0, -0.492895, 0, 0.870089, -18.8096, -1.60032, -26.489)

[node name="SpawnPoint4" parent="CapturePointB/Spawns/Team1" instance=ExtResource("8_euil5")]
transform = Transform3D(-0.740054, 0, 0.672548, 0, 1, 0, -0.672548, 0, -0.740054, -42.7747, 0.422043, -28.5455)

[node name="SpawnPoint5" parent="CapturePointB/Spawns/Team1" instance=ExtResource("8_euil5")]
transform = Transform3D(-0.172273, 0, 0.985049, 0, 1, 0, -0.985049, 0, -0.172273, -37.0516, 0.0679855, -26.782)

[node name="BarrierBlockConcrete_03_128_120" parent="CapturePointB/Spawns/Team1" instance=ExtResource("18_87ivg")]
transform = Transform3D(1, 0, 0, 0, 1, 0, 0, 0, 1, -1.60278, 0.0285034, -28.3502)

[node name="BarrierBlockConcrete_03_128_121" parent="CapturePointB/Spawns/Team1" instance=ExtResource("18_87ivg")]
transform = Transform3D(1, 0, 0, 0, 1, 0, 0, 0, 1, -2.901, 0.0285034, -28.3502)

[node name="BarrierBlockConcrete_03_128_122" parent="CapturePointB/Spawns/Team1" instance=ExtResource("18_87ivg")]
transform = Transform3D(1, 0, 0, 0, 1, 0, 0, 0, 1, -4.20856, 0.0285034, -28.3502)

[node name="BarrierBlockConcrete_03_128_123" parent="CapturePointB/Spawns/Team1" instance=ExtResource("18_87ivg")]
transform = Transform3D(1, 0, 0, 0, 1, 0, 0, 0, 1, -1.60278, 1.23376, -28.3502)

[node name="BarrierBlockConcrete_03_128_124" parent="CapturePointB/Spawns/Team1" instance=ExtResource("18_87ivg")]
transform = Transform3D(1, 0, 0, 0, 1, 0, 0, 0, 1, -2.901, 1.23376, -28.3502)

[node name="BarrierBlockConcrete_03_128_125" parent="CapturePointB/Spawns/Team1" instance=ExtResource("18_87ivg")]
transform = Transform3D(1, 0, 0, 0, 1, 0, 0, 0, 1, -4.20856, 1.23376, -28.3502)

[node name="Team2" type="Node3D" parent="CapturePointB/Spawns"]

[node name="SpawnPoint" parent="CapturePointB/Spawns/Team2" instance=ExtResource("8_euil5")]
transform = Transform3D(1, 0, 0, 0, 1, 0, 0, 0, 1, -37.9413, 0.201332, -20.4501)

[node name="SpawnPoint2" parent="CapturePointB/Spawns/Team2" instance=ExtResource("8_euil5")]
transform = Transform3D(0.207195, 0, 0.9783, 0, 1, 0, -0.9783, 0, 0.207195, -44.7079, 0.830399, 6.00034)

[node name="SpawnPoint3" parent="CapturePointB/Spawns/Team2" instance=ExtResource("8_euil5")]
transform = Transform3D(0.944026, 0, 0.329872, 0, 1, 0, -0.329872, 0, 0.944026, -31.4365, 0.174995, -12.8622)

[node name="SpawnPoint4" parent="CapturePointB/Spawns/Team2" instance=ExtResource("8_euil5")]
transform = Transform3D(1, 0, 0, 0, 1, 0, 0, 0, 1, -46.3696, 0.15921, -12.6413)

[node name="SpawnPoint5" parent="CapturePointB/Spawns/Team2" instance=ExtResource("8_euil5")]
transform = Transform3D(-0.769087, 0, 0.639144, 0, 1, 0, -0.639144, 0, -0.769087, -53.0085, 1.63624, 9.24314)

[node name="CapturePointC" parent="." node_paths=PackedStringArray("CaptureArea", "InfantrySpawnPoints_Team1", "InfantrySpawnPoints_Team2") instance=ExtResource("17_svgi8")]
transform = Transform3D(1, 0, 0, 0, 1, 0, 0, 0, 1, 762.77, 85.7035, 159.251)
ObjId = 203
CaptureArea = NodePath("CaptureArea")
InfantrySpawnPoints_Team1 = [NodePath("Spawns/Team1/SpawnPoint"), NodePath("Spawns/Team1/SpawnPoint2"), NodePath("Spawns/Team1/SpawnPoint3"), NodePath("Spawns/Team1/SpawnPoint4"), NodePath("Spawns/Team1/SpawnPoint5")]
InfantrySpawnPoints_Team2 = [NodePath("Spawns/Team2/SpawnPoint"), NodePath("Spawns/Team2/SpawnPoint2"), NodePath("Spawns/Team2/SpawnPoint3"), NodePath("Spawns/Team2/SpawnPoint4"), NodePath("Spawns/Team2/SpawnPoint5")]

[node name="CaptureArea" parent="CapturePointC" instance=ExtResource("6_b6kgk")]
transform = Transform3D(1, 0, 0, 0, 1, 0, 0, 0, 1, 0, -3.61683, 0)
points = PackedVector2Array(8.92493, -6.33711, -3.82367, -3.64896, -0.963257, 8.63397, 10.7513, 5.62581)
height = 3.0

[node name="Spawns" type="Node3D" parent="CapturePointC"]

[node name="Team1" type="Node3D" parent="CapturePointC/Spawns"]

[node name="SpawnPoint" parent="CapturePointC/Spawns/Team1" instance=ExtResource("8_euil5")]
transform = Transform3D(-0.992812, 0, -0.119686, 0, 1, 0, 0.119686, 0, -0.992812, 36.5555, -3.44412, -5.11806)

[node name="SpawnPoint2" parent="CapturePointC/Spawns/Team1" instance=ExtResource("8_euil5")]
transform = Transform3D(0.270231, 0, -0.962796, 0, 1, 0, 0.962796, 0, 0.270231, 38.9572, -5.60137, -19.955)

[node name="SpawnPoint3" parent="CapturePointC/Spawns/Team1" instance=ExtResource("8_euil5")]
transform = Transform3D(-0.268987, 0, -0.963144, 0, 1, 0, 0.963144, 0, -0.268987, 30.6311, 0.184013, 28.1337)

[node name="SpawnPoint4" parent="CapturePointC/Spawns/Team1" instance=ExtResource("8_euil5")]
transform = Transform3D(1, 0, 0, 0, 1, 0, 0, 0, 1, 32.0437, -3.61189, 1.80083)

[node name="SpawnPoint5" parent="CapturePointC/Spawns/Team1" instance=ExtResource("8_euil5")]
transform = Transform3D(0.291153, 0, -0.956676, 0, 1, 0, 0.956676, 0, 0.291153, 24.168, -4.15974, -20.9795)

[node name="Team2" type="Node3D" parent="CapturePointC/Spawns"]

[node name="SpawnPoint" parent="CapturePointC/Spawns/Team2" instance=ExtResource("8_euil5")]
transform = Transform3D(-0.970506, 0, 0.241075, 0, 1, 0, -0.241075, 0, -0.970506, -43.3427, -10.8352, -3.87617)

[node name="SpawnPoint2" parent="CapturePointC/Spawns/Team2" instance=ExtResource("8_euil5")]
transform = Transform3D(-0.236465, 0, 0.97164, 0, 1, 0, -0.97164, 0, -0.236465, -24.0129, -5.2578, 18.4583)

[node name="SpawnPoint3" parent="CapturePointC/Spawns/Team2" instance=ExtResource("8_euil5")]
transform = Transform3D(0.0285672, 0, 0.999592, 0, 1, 0, -0.999592, 0, 0.0285672, -20.0385, -3.0482, 41.669)

[node name="SpawnPoint4" parent="CapturePointC/Spawns/Team2" instance=ExtResource("8_euil5")]
transform = Transform3D(1, 0, 0, 0, 1, 0, 0, 0, 1, -12.9174, -7.78365, -27.8349)

[node name="SpawnPoint5" parent="CapturePointC/Spawns/Team2" instance=ExtResource("8_euil5")]
transform = Transform3D(-0.999858, 0, 0.0168765, 0, 1, 0, -0.0168765, 0, -0.999858, -24.4568, -8.94979, -9.22562)

[node name="BarrierStoneBlock_01_F" parent="." instance=ExtResource("19_ylbpj")]
transform = Transform3D(0.149871, 0.328997, -0.932362, -0.974323, 0.209407, -0.0827242, 0.168027, 0.92082, 0.351933, 770.814, 85.4608, 157.229)

[node name="BarrierStoneBlock_01_F2" parent="." instance=ExtResource("19_ylbpj")]
transform = Transform3D(-0.0686181, -0.106223, -0.991972, 0.986923, 0.138142, -0.0830616, 0.145856, -0.984699, 0.0953552, 786.859, 85.8674, 157.652)

[node name="BarrierStoneBlock_01_H" parent="." instance=ExtResource("19_38ucc")]
transform = Transform3D(0.792503, 0, -0.609869, 0, 1, 0, 0.609869, 0, 0.792503, 857.253, 89.9873, 191.818)

[node name="BarrierStoneBlock_01_H4" parent="." instance=ExtResource("19_38ucc")]
transform = Transform3D(0.792503, 0, -0.609869, 0, 1, 0, 0.609869, 0, 0.792503, 854.134, 89.9873, 195.867)

[node name="BarrierStoneBlock_01_H5" parent="." instance=ExtResource("19_38ucc")]
transform = Transform3D(0.792503, 0, -0.609869, 0, 1, 0, 0.609869, 0, 0.792503, 851.45, 89.9873, 199.535)

[node name="BarrierStoneBlock_01_H2" parent="." instance=ExtResource("19_38ucc")]
transform = Transform3D(0.821567, 0, -0.570112, 0, 1, 0, 0.570112, 0, 0.821567, 860.279, 89.9873, 187.755)

[node name="BarrierStoneBlock_01_H3" parent="." instance=ExtResource("19_38ucc")]
transform = Transform3D(0.800846, 0, -0.59887, 0, 1, 0, 0.59887, 0, 0.800846, 863.147, 89.8003, 183.342)

[node name="BarrierStoneBlock_01_H6" parent="." instance=ExtResource("19_38ucc")]
transform = Transform3D(0.792503, 0, -0.609869, 0, 1, 0, 0.609869, 0, 0.792503, 851.395, 89.7149, 187.32)

[node name="BarrierStoneBlock_01_H7" parent="." instance=ExtResource("19_38ucc")]
transform = Transform3D(0.560234, 0, -0.828334, 0, 1, 0, 0.828334, 0, 0.560234, 849.044, 89.6029, 189.05)

[node name="BarrierStoneBlock_01_H8" parent="." instance=ExtResource("19_38ucc")]
transform = Transform3D(0.785025, 0, -0.619464, 0, 1, 0, 0.619464, 0, 0.785025, 845.687, 89.6142, 192.421)

[node name="BarrierStoneBlock_01_H11" parent="." instance=ExtResource("19_38ucc")]
transform = Transform3D(0.785025, 0, -0.619464, 0, 1, 0, 0.619464, 0, 0.785025, 844.235, 89.6142, 194.212)

[node name="BarrierStoneBlock_01_H12" parent="." instance=ExtResource("19_38ucc")]
transform = Transform3D(0.633665, 0, 0.773608, 0, 1, 0, -0.773608, 0, 0.633665, 845.546, 89.6142, 197.759)

[node name="BarrierStoneBlock_01_H13" parent="." instance=ExtResource("19_38ucc")]
transform = Transform3D(0.633665, 0, 0.773608, 0, 1, 0, -0.773608, 0, 0.633665, 848.273, 89.6142, 199.731)

[node name="BarrierStoneBlock_01_H14" parent="." instance=ExtResource("19_38ucc")]
transform = Transform3D(0.633665, 0, 0.773608, 0, 1, 0, -0.773608, 0, 0.633665, 861.724, 89.6142, 179.735)

[node name="BarrierStoneBlock_01_H9" parent="." instance=ExtResource("19_38ucc")]
transform = Transform3D(0.792066, 0, -0.610436, 0, 1, 0, 0.610436, 0, 0.792066, 854.485, 89.7931, 183.165)

[node name="BarrierStoneBlock_01_H10" parent="." instance=ExtResource("19_38ucc")]
transform = Transform3D(0.76573, 0, -0.643162, 0, 1, 0, 0.643162, 0, 0.76573, 857.903, 89.6378, 179.191)

[node name="SpawnPoint" parent="." instance=ExtResource("8_euil5")]
transform = Transform3D(0.712087, 0, 0.702091, 0, 1, 0, -0.702091, 0, 0.712087, -15.4628, 3.41794, -46.0566)

[node name="BarrierStoneBlock_01_H101" parent="." instance=ExtResource("19_38ucc")]
transform = Transform3D(0.835779, 0, -0.549067, 0, 1, 0, 0.549067, 0, 0.835779, 836.887, 89.6399, 218.791)

[node name="BarrierStoneBlock_01_H102" parent="." instance=ExtResource("19_38ucc")]
transform = Transform3D(0.835779, 0, -0.549067, 0, 1, 0, 0.549067, 0, 0.835779, 833.991, 89.6399, 223.125)

[node name="BarrierStoneBlock_01_H103" parent="." instance=ExtResource("19_38ucc")]
transform = Transform3D(-0.313031, 0, -0.949743, 0, 1, 0, 0.949743, 0, -0.313031, 830.67, 89.6399, 224.335)

[node name="BarrierStoneBlock_01_H104" parent="." instance=ExtResource("19_38ucc")]
transform = Transform3D(-0.516145, 0, -0.856502, 0, 1, 0, 0.856502, 0, -0.516145, 826.15, 89.6399, 222.434)

[node name="BarrierStoneBlock_01_H105" parent="." instance=ExtResource("19_38ucc")]
transform = Transform3D(-0.890793, 0, -0.45441, 0, 1, 0, 0.45441, 0, -0.890793, 823.038, 90.0299, 219.09)

[node name="BarrierStoneBlock_01_H106" parent="." instance=ExtResource("19_38ucc")]
transform = Transform3D(-0.999989, 0, 0.00476481, 0, 1, 0, -0.00476481, 0, -0.999989, 821.977, 90.0299, 214.529)

[node name="BarrierStoneBlock_01_H107" parent="." instance=ExtResource("19_38ucc")]
transform = Transform3D(-0.796351, 0, 0.604836, 0, 1, 0, -0.604836, 0, -0.796351, 823.389, 89.9867, 210.343)

[node name="BarrierStoneBlock_01_H108" parent="." instance=ExtResource("19_38ucc")]
transform = Transform3D(-0.581626, 0, 0.813457, 0, 1, 0, -0.813457, 0, -0.581626, 826.787, 89.4586, 206.935)

[node name="BarrierStoneBlock_01_H109" parent="." instance=ExtResource("19_38ucc")]
transform = Transform3D(0.545371, 0, 0.838195, 0, 1, 0, -0.838195, 0, 0.545371, 830.711, 89.6046, 206.108)

[node name="BarrierStoneBlock_01_H110" parent="." instance=ExtResource("19_38ucc")]
transform = Transform3D(0.545371, 0, 0.838195, 0, 1, 0, -0.838195, 0, 0.545371, 834.955, 89.6046, 208.758)

[node name="BarrierStoneBlock_01_H111" parent="." instance=ExtResource("19_38ucc")]
transform = Transform3D(0.575434, 0, 0.817849, 0, 1, 0, -0.817849, 0, 0.575434, 838.607, 89.6046, 211.144)

[node name="BarrierStoneBlock_01_H103" parent="BarrierStoneBlock_01_H111" instance=ExtResource("19_38ucc")]
transform = Transform3D(0.0346553, 0, -0.999399, 0, 1, 0, 0.999399, 0, 0.0346553, -1.92978, 0.100319, 2.74939)

[node name="SpawnPoint3" parent="." instance=ExtResource("8_euil5")]
transform = Transform3D(-0.255175, 0, -0.966895, 0, 1, 0, 0.966895, 0, -0.255175, 27.167, -6.85103, 43.6137)

[node name="SpawnPoint5" parent="." instance=ExtResource("8_euil5")]
transform = Transform3D(-0.704597, 0, 0.709608, 0, 1, 0, -0.709608, 0, -0.704597, 42.9611, -8.61512, 38.6927)

[node name="BarrierStoneBlock_01_G4" parent="." instance=ExtResource("14_qhw0m")]
transform = Transform3D(-0.9641, 0, -0.265539, 0, 1, 0, 0.265539, 0, -0.9641, 902.434, 81.8912, 167.367)

[node name="BarrierStoneBlock_01_G19" parent="." instance=ExtResource("14_qhw0m")]
transform = Transform3D(-0.9641, 0, -0.265539, 0, 1, 0, 0.265539, 0, -0.9641, 901, 81.8912, 163.942)

[node name="BarrierStoneBlock_01_G5" parent="." instance=ExtResource("14_qhw0m")]
transform = Transform3D(-0.9641, 3.23561e-09, -0.265539, 0.0928288, 0.936904, -0.337036, 0.248785, -0.349586, -0.903269, 904.117, 82.6436, 172.357)

[node name="BarrierStoneBlock_01_G6" parent="." instance=ExtResource("14_qhw0m")]
transform = Transform3D(-0.930913, -0.00578528, -0.365194, 0.0146238, 0.998482, -0.0530951, 0.364947, -0.0547674, -0.929416, 905.647, 83.2878, 177.082)

[node name="BarrierStoneBlock_01_G7" parent="." instance=ExtResource("14_qhw0m")]
transform = Transform3D(-0.930913, -0.00578528, -0.365194, 0.0146238, 0.998482, -0.0530951, 0.364947, -0.0547674, -0.929416, 907.091, 83.8168, 181.251)

[node name="BarrierStoneBlock_01_G9" parent="." instance=ExtResource("14_qhw0m")]
transform = Transform3D(-0.52397, 0.0528784, 0.850093, 0.0146238, 0.998482, -0.0530951, -0.851611, -0.0153886, -0.523949, 910.513, 88.4843, 205.541)

[node name="BarrierStoneBlock_01_G10" parent="." instance=ExtResource("14_qhw0m")]
transform = Transform3D(-0.52397, 0.0528784, 0.850093, 0.0146238, 0.998482, -0.0530951, -0.851611, -0.0153886, -0.523949, 912.053, 87.1688, 203.96)

[node name="BarrierStoneBlock_01_H67" parent="." instance=ExtResource("19_38ucc")]
transform = Transform3D(0.525962, 0, 0.850508, 0, 1, 0, -0.850508, 0, 0.525962, 887.852, 88.554, 181.887)

[node name="BarrierStoneBlock_01_H68" parent="." instance=ExtResource("19_38ucc")]
transform = Transform3D(0.777761, 0, 0.628561, 0, 1, 0, -0.628561, 0, 0.777761, 885.597, 88.1323, 179.508)

[node name="BarrierStoneBlock_01_H70" parent="." instance=ExtResource("19_38ucc")]
transform = Transform3D(0.780714, 0, 0.624888, 0, 1, 0, -0.624888, 0, 0.780714, 883.563, 87.1366, 176.432)

[node name="BarrierStoneBlock_01_H71" parent="." instance=ExtResource("19_38ucc")]
transform = Transform3D(0.993244, 0, 0.116046, 0, 1, 0, -0.116046, 0, 0.993244, 882.421, 86.5213, 173.263)

[node name="BarrierStoneBlock_01_H80" parent="." instance=ExtResource("19_38ucc")]
transform = Transform3D(-0.329723, 0, 0.944078, 0, 1, 0, -0.944078, 0, -0.329723, 898.027, 81.8077, 162.697)

[node name="BarrierStoneBlock_01_H81" parent="." instance=ExtResource("19_38ucc")]
transform = Transform3D(-0.268146, 0, 0.963378, 0, 1, 0, -0.963378, 0, -0.268146, 894.696, 82.7377, 163.572)

[node name="BarrierStoneBlock_01_H92" parent="." instance=ExtResource("19_38ucc")]
transform = Transform3D(0.793024, 0, 0.609191, 0, 1, 0, -0.609191, 0, 0.793024, 890.263, 90.3859, 185.379)

[node name="BarrierStoneBlock_01_H93" parent="." instance=ExtResource("19_38ucc")]
transform = Transform3D(0.793024, 0, 0.609191, 0, 1, 0, -0.609191, 0, 0.793024, 893.359, 90.2681, 189.038)

[node name="BarrierStoneBlock_01_H94" parent="." instance=ExtResource("19_38ucc")]
transform = Transform3D(0.793024, 0, 0.609191, 0, 1, 0, -0.609191, 0, 0.793024, 896.46, 90.2681, 192.76)

[node name="BarrierStoneBlock_01_H95" parent="." instance=ExtResource("19_38ucc")]
transform = Transform3D(0.843054, 0, 0.53783, 0, 1, 0, -0.53783, 0, 0.843054, 898.335, 85.9841, 196.503)

[node name="BarrierStoneBlock_01_H96" parent="." instance=ExtResource("19_38ucc")]
transform = Transform3D(0.843054, 0, 0.53783, 0, 1, 0, -0.53783, 0, 0.843054, 898.335, 89.5879, 196.503)

[node name="BarrierStoneBlock_01_H97" parent="." instance=ExtResource("19_38ucc")]
transform = Transform3D(0.919073, 0, 0.394086, 0, 1, 0, -0.394086, 0, 0.919073, 900.578, 89.5879, 200.808)

[node name="BarrierStoneBlock_01_H98" parent="." instance=ExtResource("19_38ucc")]
transform = Transform3D(0.919073, 0, 0.394086, 0, 1, 0, -0.394086, 0, 0.919073, 902.392, 89.5879, 205.205)

[node name="BarrierStoneBlock_01_H99" parent="." instance=ExtResource("19_38ucc")]
transform = Transform3D(0.919073, 0, 0.394086, 0, 1, 0, -0.394086, 0, 0.919073, 903.705, 89.3455, 207.713)

[node name="BarrierStoneBlock_01_H100" parent="." instance=ExtResource("19_38ucc")]
transform = Transform3D(-0.394102, 0, 0.919067, 0, 1, 0, -0.919067, 0, -0.394102, 907.109, 88.8353, 207.713)

[node name="BarrierStoneBlock_01_G26" parent="." instance=ExtResource("14_qhw0m")]
transform = Transform3D(0.987017, 0.000692707, -0.160613, 0.0014119, 0.999915, 0.0129891, 0.160609, -0.0130471, 0.986932, 796.86, 86.2594, 176.598)

[node name="BarrierStoneBlock_01_G27" parent="." instance=ExtResource("14_qhw0m")]
transform = Transform3D(0.976381, 0.00142787, -0.216051, 0.0014119, 0.999915, 0.0129891, 0.216052, -0.0129873, 0.976296, 797.349, 86.2594, 173.766)

[node name="BarrierStoneBlock_01_G28" parent="." instance=ExtResource("14_qhw0m")]
transform = Transform3D(0.665956, 0.00874951, -0.74594, 0.0014119, 0.999915, 0.0129891, 0.74599, -0.0097033, 0.665887, 799.529, 86.2594, 170.364)

[node name="BarrierStoneBlock_01_G29" parent="." instance=ExtResource("14_qhw0m")]
transform = Transform3D(0.610432, 0.00942641, -0.792013, 0.0014119, 0.999915, 0.0129891, 0.792068, -0.00904714, 0.610366, 803.538, 86.2594, 167.097)

[node name="BarrierStoneBlock_01_G30" parent="." instance=ExtResource("14_qhw0m")]
transform = Transform3D(-0.490938, 0.0120091, -0.871112, 0.0014119, 0.999915, 0.0129891, 0.871194, 0.00514688, -0.490912, 808.103, 86.2748, 166.4)

[node name="BarrierStoneBlock_01_G31" parent="." instance=ExtResource("14_qhw0m")]
transform = Transform3D(-0.490938, 0.0120091, -0.871112, 0.0014119, 0.999915, 0.0129891, 0.871194, 0.00514688, -0.490912, 812.459, 86.9263, 168.924)

[node name="BarrierStoneBlock_01_G32" parent="." instance=ExtResource("14_qhw0m")]
transform = Transform3D(-0.490938, 0.0120091, -0.871112, 0.0014119, 0.999915, 0.0129891, 0.871194, 0.00514688, -0.490912, 816.769, 86.9263, 171.382)

[node name="BarrierStoneBlock_01_G33" parent="." instance=ExtResource("14_qhw0m")]
transform = Transform3D(-0.623309, 0.0110371, -0.781898, 0.0014119, 0.999915, 0.0129891, 0.781974, 0.00699222, -0.623272, 820.952, 86.9263, 174.24)

[node name="FixedCamera" parent="." instance=ExtResource("21_t33kg")]
transform = Transform3D(1, 0, 0, 0, -4.37114e-08, -1, 0, 1, -4.37114e-08, 823.641, 134.44, 174.458)
ObjId = 901

[node name="BarrierStoneBlock_01_H72" parent="." instance=ExtResource("19_38ucc")]
transform = Transform3D(0.200275, 0, 0.97974, 0, 1, 0, -0.97974, 0, 0.200275, 878.647, 84.8628, 162.269)

[node name="BarrierStoneBlock_01_H73" parent="." instance=ExtResource("19_38ucc")]
transform = Transform3D(0.726059, 0, 0.687632, 0, 1, 0, -0.687632, 0, 0.726059, 878.125, 85.3916, 155.511)

[node name="BarrierStoneBlock_01_H74" parent="." instance=ExtResource("19_38ucc")]
transform = Transform3D(-0.595608, 0, 0.803275, 0, 1, 0, -0.803275, 0, -0.595608, 882.134, 85.2325, 155.511)

[node name="BarrierStoneBlock_01_H75" parent="." instance=ExtResource("19_38ucc")]
transform = Transform3D(0.726059, 0, 0.687632, 0, 1, 0, -0.687632, 0, 0.726059, 874.791, 85.3916, 152.124)

[node name="BarrierStoneBlock_01_H76" parent="." instance=ExtResource("19_38ucc")]
transform = Transform3D(0.726059, 0, 0.687632, 0, 1, 0, -0.687632, 0, 0.726059, 871.18, 85.3916, 148.354)

[node name="BarrierStoneBlock_01_H77" parent="." instance=ExtResource("19_38ucc")]
transform = Transform3D(-0.0859384, 0, 0.9963, 0, 1, 0, -0.9963, 0, -0.0859384, 883.258, 84.3453, 162.269)

[node name="BarrierStoneBlock_01_H78" parent="." instance=ExtResource("19_38ucc")]
transform = Transform3D(-0.134851, 0, 0.990866, 0, 1, 0, -0.990866, 0, -0.134851, 887.769, 84.0032, 161.428)

[node name="BarrierStoneBlock_01_H79" parent="." instance=ExtResource("19_38ucc")]
transform = Transform3D(-0.451952, 0, 0.892042, 0, 1, 0, -0.892042, 0, -0.451952, 891.844, 82.7303, 159.216)

[node name="BarrierStoneBlock_01_H82" parent="." instance=ExtResource("19_38ucc")]
transform = Transform3D(-0.451952, 0, 0.892042, 0, 1, 0, -0.892042, 0, -0.451952, 895.791, 81.5364, 156.823)

[node name="BarrierStoneBlock_01_H83" parent="." instance=ExtResource("19_38ucc")]
transform = Transform3D(-0.938716, 0, 0.344692, 0, 1, 0, -0.344692, 0, -0.938716, 897.675, 81.1389, 153.85)

[node name="BarrierStoneBlock_01_H84" parent="." instance=ExtResource("19_38ucc")]
transform = Transform3D(-0.854087, 0, -0.52013, 0, 1, 0, 0.52013, 0, -0.854087, 896.81, 81.1389, 149.934)

[node name="BarrierStoneBlock_01_H85" parent="." instance=ExtResource("19_38ucc")]
transform = Transform3D(-0.854087, 0, -0.52013, 0, 1, 0, 0.52013, 0, -0.854087, 894.877, 81.1389, 146.789)

[node name="BarrierStoneBlock_01_H86" parent="." instance=ExtResource("19_38ucc")]
transform = Transform3D(0.227739, 0, 0.973722, 0, 1, 0, -0.973722, 0, 0.227739, 873.57, 85.2006, 161.366)

[node name="BarrierStoneBlock_01_H87" parent="." instance=ExtResource("19_38ucc")]
transform = Transform3D(0.9394, 0, 0.342823, 0, 1, 0, -0.342823, 0, 0.9394, 869.876, 85.4465, 158.839)

[node name="BarrierStoneBlock_01_H88" parent="." instance=ExtResource("19_38ucc")]
transform = Transform3D(0.9394, 0, 0.342823, 0, 1, 0, -0.342823, 0, 0.9394, 868.191, 85.6857, 154.528)

[node name="BarrierStoneBlock_01_H89" parent="." instance=ExtResource("19_38ucc")]
transform = Transform3D(0.994989, 0, 0.0999793, 0, 1, 0, -0.0999793, 0, 0.994989, 867.148, 85.6896, 150.448)

[node name="BarrierStoneBlock_01_H90" parent="." instance=ExtResource("19_38ucc")]
transform = Transform3D(0.983464, 0, 0.181102, 0, 1, 0, -0.181102, 0, 0.983464, 866.369, 85.6896, 146)

[node name="BarrierStoneBlock_01_H91" parent="." instance=ExtResource("19_38ucc")]
transform = Transform3D(0.731199, 0, 0.682164, 0, 1, 0, -0.682164, 0, 0.731199, 868.152, 85.6896, 144.882)
