[gd_scene load_steps=22 format=3 uid="uid://mm2wvnke72in"]

[ext_resource type="PackedScene" path="res://objects/Gameplay/Common/HQ_PlayerSpawner.tscn" id="1_v0gg2"]
[ext_resource type="PackedScene" uid="uid://jv31so3xcr7p" path="res://addons/bf_portal/portal_tools/types/PolygonVolume/PolygonVolume.tscn" id="2_tmkln"]
[ext_resource type="PackedScene" path="res://objects/entities/SpawnPoint.tscn" id="3_hiy7r"]
[ext_resource type="PackedScene" path="res://objects/props/FlagPole_01_USA.tscn" id="4_qonuk"]
[ext_resource type="PackedScene" path="res://objects/Gameplay/Common/InteractPoint.tscn" id="5_k3p0m"]
[ext_resource type="Script" uid="uid://3hvpbglts2bi" path="res://scripts/gameplay/common/WorldIcon.gd" id="6_8g5rc"]
[ext_resource type="PackedScene" path="res://objects/Gameplay/Common/WorldIcon.tscn" id="7_ktpht"]
[ext_resource type="PackedScene" path="res://objects/gameplay/common/VehicleSpawner.tscn" id="8_ynso5"]
[ext_resource type="PackedScene" path="res://objects/gameplay/common/AreaTrigger.tscn" id="9_8tati"]
[ext_resource type="PackedScene" path="res://objects/Gameplay/Common/CombatArea.tscn" id="10_ldho8"]
[ext_resource type="PackedScene" path="res://objects/props/BarrierStoneBlock_01_F.tscn" id="11_2gbve"]
[ext_resource type="PackedScene" path="res://static/MP_Capstone_Terrain.tscn" id="12_va2be"]
[ext_resource type="PackedScene" path="res://static/MP_Capstone_Assets.tscn" id="13_qxbme"]
[ext_resource type="PackedScene" path="res://objects/props/BarrierConcreteWall_01_192x320.tscn" id="14_xd3wj"]
[ext_resource type="PackedScene" path="res://objects/props/BarrierStoneBlock_01_A.tscn" id="15_nojsv"]
[ext_resource type="PackedScene" path="res://objects/props/BarrierBlockConcrete_02_128_60.tscn" id="16_grsik"]
[ext_resource type="PackedScene" path="res://objects/props/BarrierStoneBlock_01_D.tscn" id="17_it2dg"]
[ext_resource type="PackedScene" path="res://objects/Gameplay/Common/DeployCam.tscn" id="18_bgwtd"]
[ext_resource type="PackedScene" path="res://objects/entities/CapturePoint.tscn" id="19_1cbdc"]
[ext_resource type="PackedScene" path="res://objects/Gameplay/Common/Sector.tscn" id="20_q24fl"]
[ext_resource type="PackedScene" path="res://objects/props/BarrierStoneBlock_01_E.tscn" id="21_4xw1o"]

[node name="MP_Capstone" type="Node3D"]

[node name="CombatArea" parent="." node_paths=PackedStringArray("CombatVolume") instance=ExtResource("10_ldho8")]
transform = Transform3D(1, 0, 0, 0, 1, 0, 0, 0, 1, 1458.32, 33.5003, 0)
CombatVolume = NodePath("CombatVolume2")

[node name="CombatVolume2" parent="CombatArea" instance=ExtResource("2_tmkln")]
transform = Transform3D(1, 0, 0, 0, 1, 0, 0, 0, 1, -1314.15, 96.838, 122.997)
points = PackedVector2Array(-70.0839, -128.137, -88.4982, -80.7572, -95.8892, -4.18924, -59.8511, 20.0438, -60.5443, 87.3478, 35.5664, 145.322, 73.1314, 107.329, 105.553, 102.758, 95.9295, 9.78876, 89.8724, -27.9072, 4.35975, -107.382, -29.5465, -124.215)

[node name="Static" type="Node3D" parent="."]

[node name="MP_Capstone_Terrain" parent="Static" instance=ExtResource("12_va2be")]
metadata/_edit_lock_ = true

[node name="MP_Capstone_Assets" parent="Static" instance=ExtResource("13_qxbme")]
metadata/_edit_lock_ = true

[node name="BarrierConcreteWall_01_192x320" parent="Static" instance=ExtResource("14_xd3wj")]
transform = Transform3D(0.497655, 0, 0.867375, 0, 1, 0, -0.867375, 0, 0.497655, 184.011, 142.2, 230.036)

[node name="BarrierConcreteWall_01_192x321" parent="Static" instance=ExtResource("14_xd3wj")]
transform = Transform3D(0.497655, 0, 0.867375, 0, 1, 0, -0.867375, 0, 0.497655, 185.003, 142.2, 228.366)

[node name="BarrierConcreteWall_01_192x322" parent="Static" instance=ExtResource("14_xd3wj")]
transform = Transform3D(0.497655, 0, 0.867375, 0, 1, 0, -0.867375, 0, 0.497655, 185.97, 142.2, 226.724)

[node name="BarrierStoneBlock_01_A" parent="Static" instance=ExtResource("15_nojsv")]
transform = Transform3D(0.752403, 0, -0.658703, 0, 1, 0, 0.658703, 0, 0.752403, 188.109, 142.214, 160.742)

[node name="BarrierStoneBlock_01_A2" parent="Static" instance=ExtResource("15_nojsv")]
transform = Transform3D(0.995144, 0, -0.0984339, 0, 1, 0, 0.0984339, 0, 0.995144, 138.562, 146.577, 191.185)

[node name="BarrierStoneBlock_01_A4" parent="Static" instance=ExtResource("15_nojsv")]
transform = Transform3D(0.995144, 0, -0.0984339, 0, 1, 0, 0.0984339, 0, 0.995144, 138.662, 146.577, 189.999)

[node name="BarrierStoneBlock_01_A3" parent="Static" instance=ExtResource("15_nojsv")]
transform = Transform3D(0.995144, 0, -0.0984339, 0, 1, 0, 0.0984339, 0, 0.995144, 138.434, 146.577, 192.438)

[node name="BarrierBlockConcrete_02_128_60" parent="Static" instance=ExtResource("16_grsik")]
transform = Transform3D(0.627161, 0, 0.778889, 0, 1, 0, -0.778889, 0, 0.627161, 178.727, 139.495, 186.741)

[node name="BarrierBlockConcrete_02_128_63" parent="Static" instance=ExtResource("16_grsik")]
transform = Transform3D(0.627161, 0, 0.778889, 0, 1, 0, -0.778889, 0, 0.627161, 178.727, 140.098, 186.741)

[node name="BarrierBlockConcrete_02_128_61" parent="Static" instance=ExtResource("16_grsik")]
transform = Transform3D(0.627161, 0, 0.778889, 0, 1, 0, -0.778889, 0, 0.627161, 177.955, 139.495, 187.77)

[node name="BarrierBlockConcrete_02_128_62" parent="Static" instance=ExtResource("16_grsik")]
transform = Transform3D(0.627161, 0, 0.778889, 0, 1, 0, -0.778889, 0, 0.627161, 177.955, 140.126, 187.77)

[node name="BarrierBlockConcrete_02_128_64" parent="Static" instance=ExtResource("16_grsik")]
transform = Transform3D(0.627161, 0, 0.778889, 0, 1, 0, -0.778889, 0, 0.627161, 178.727, 140.682, 186.741)

[node name="BarrierBlockConcrete_02_128_65" parent="Static" instance=ExtResource("16_grsik")]
transform = Transform3D(0.627161, 0, 0.778889, 0, 1, 0, -0.778889, 0, 0.627161, 177.955, 140.71, 187.77)

[node name="BarrierStoneBlock_01_D" parent="Static" instance=ExtResource("17_it2dg")]
transform = Transform3D(0.875717, 0, -0.482824, 0, 1, 0, 0.482824, 0, 0.875717, 98.366, 135.346, 60.7524)

[node name="BarrierStoneBlock_01_D5" parent="Static" instance=ExtResource("17_it2dg")]
transform = Transform3D(0.875717, 0, -0.482824, 0, 1, 0, 0.482824, 0, 0.875717, 103.036, 136.575, 65.3276)

[node name="BarrierStoneBlock_01_D2" parent="Static" instance=ExtResource("17_it2dg")]
transform = Transform3D(0.620365, 0.626135, -0.472337, -0.726978, 0.685074, -0.0466667, 0.294366, 0.372329, 0.880182, 182.758, 138.432, 90.4097)

[node name="BarrierStoneBlock_01_D3" parent="Static" instance=ExtResource("17_it2dg")]
transform = Transform3D(0.865038, 0, -0.501707, 0, 1, 0, 0.501707, 0, 0.865038, 181.898, 136.323, 93.9931)

[node name="BarrierStoneBlock_01_D4" parent="Static" instance=ExtResource("17_it2dg")]
transform = Transform3D(0.865038, 0, -0.501707, 0, 1, 0, 0.501707, 0, 0.865038, 181.898, 137.545, 93.9429)

[node name="DeployCam" parent="." instance=ExtResource("18_bgwtd")]
transform = Transform3D(1, 0, 0, 0, 0, 1, 0, -1, 0, 128.645, 232.894, 125.419)

[node name="CapturePointA" parent="." node_paths=PackedStringArray("CaptureArea", "InfantrySpawnPoints_Team1", "InfantrySpawnPoints_Team2") instance=ExtResource("19_1cbdc")]
transform = Transform3D(1, 0, 0, 0, 1, 0, 0, 0, 1, 103.187, 133.091, 63.105)
ObjId = 201
CaptureArea = NodePath("CaptureArea")
InfantrySpawnPoints_Team1 = [NodePath("Spawns/Team1/SpawnPoint"), NodePath("Spawns/Team1/SpawnPoint2"), NodePath("Spawns/Team1/SpawnPoint3"), NodePath("Spawns/Team1/SpawnPoint4"), NodePath("Spawns/Team1/SpawnPoint5")]
InfantrySpawnPoints_Team2 = [NodePath("Spawns/Team2/SpawnPoint"), NodePath("Spawns/Team2/SpawnPoint2"), NodePath("Spawns/Team2/SpawnPoint3"), NodePath("Spawns/Team2/SpawnPoint4"), NodePath("Spawns/Team2/SpawnPoint5")]

[node name="CaptureArea" parent="CapturePointA" instance=ExtResource("2_tmkln")]
points = PackedVector2Array(-6.42113, -9.4393, -12.16, 0.332283, 1.23782, 7.25037, 7.398, -4.08668, -1.45779, -8.35357)
height = 6.0

[node name="Spawns" type="Node3D" parent="CapturePointA"]

[node name="Team1" type="Node3D" parent="CapturePointA/Spawns"]

[node name="SpawnPoint" parent="CapturePointA/Spawns/Team1" instance=ExtResource("3_hiy7r")]
transform = Transform3D(-0.0835213, 0, 0.996506, 0, 1, 0, -0.996506, 0, -0.0835213, -13.587, -3.20451, -24.864)

[node name="SpawnPoint2" parent="CapturePointA/Spawns/Team1" instance=ExtResource("3_hiy7r")]
transform = Transform3D(0.19497, 0, 0.980809, 0, 1, 0, -0.980809, 0, 0.19497, 5.152, -4.95842, -28.885)

[node name="SpawnPoint3" parent="CapturePointA/Spawns/Team1" instance=ExtResource("3_hiy7r")]
transform = Transform3D(0.33905, 0, -0.940768, 0, 1, 0, 0.940768, 0, 0.33905, 28.193, -6.28636, -20.3128)

[node name="SpawnPoint4" parent="CapturePointA/Spawns/Team1" instance=ExtResource("3_hiy7r")]
transform = Transform3D(0.609647, 0, -0.792673, 0, 1, 0, 0.792673, 0, 0.609647, -27.8066, 0.921478, -6.59549)

[node name="SpawnPoint5" parent="CapturePointA/Spawns/Team1" instance=ExtResource("3_hiy7r")]
transform = Transform3D(-0.990655, 0, 0.13639, 0, 1, 0, -0.13639, 0, -0.990655, -48.927, 1.07654, 7.81991)

[node name="Team2" type="Node3D" parent="CapturePointA/Spawns"]

[node name="SpawnPoint" parent="CapturePointA/Spawns/Team2" instance=ExtResource("3_hiy7r")]
transform = Transform3D(-0.985085, 0, -0.172067, 0, 1, 0, 0.172067, 0, -0.985085, -3.31314, 1.55641, 29.974)

[node name="SpawnPoint2" parent="CapturePointA/Spawns/Team2" instance=ExtResource("3_hiy7r")]
transform = Transform3D(-0.928213, 0, 0.372049, 0, 1, 0, -0.372049, 0, -0.928213, 29.4061, -2.20671, 13.5727)

[node name="SpawnPoint3" parent="CapturePointA/Spawns/Team2" instance=ExtResource("3_hiy7r")]
transform = Transform3D(-0.999634, 0, -0.0270667, 0, 1, 0, 0.0270667, 0, -0.999634, 16.899, 1.04037, 34.6496)

[node name="SpawnPoint4" parent="CapturePointA/Spawns/Team2" instance=ExtResource("3_hiy7r")]
transform = Transform3D(0.887831, 0, -0.460169, 0, 1, 0, 0.460169, 0, 0.887831, 34.3945, -3.28967, -7.11272)

[node name="SpawnPoint5" parent="CapturePointA/Spawns/Team2" instance=ExtResource("3_hiy7r")]
transform = Transform3D(0.826511, 0, -0.56292, 0, 1, 0, 0.56292, 0, 0.826511, 31.2351, -0.234787, 20.4855)

[node name="CapturePointB" parent="." node_paths=PackedStringArray("CaptureArea", "InfantrySpawnPoints_Team1", "InfantrySpawnPoints_Team2") instance=ExtResource("19_1cbdc")]
transform = Transform3D(1, 0, 0, 0, 1, 0, 0, 0, 1, 176.029, 134.715, 93.25)
ObjId = 202
CaptureArea = NodePath("CaptureArea")
InfantrySpawnPoints_Team1 = [NodePath("Spawns/Team1/SpawnPoint"), NodePath("Spawns/Team1/SpawnPoint2"), NodePath("Spawns/Team1/SpawnPoint3"), NodePath("Spawns/Team1/SpawnPoint4"), NodePath("Spawns/Team1/SpawnPoint5")]
InfantrySpawnPoints_Team2 = [NodePath("Spawns/Team2/SpawnPoint"), NodePath("Spawns/Team2/SpawnPoint2"), NodePath("Spawns/Team2/SpawnPoint3"), NodePath("Spawns/Team2/SpawnPoint4"), NodePath("Spawns/Team2/SpawnPoint5")]

[node name="CaptureArea" parent="CapturePointB" instance=ExtResource("2_tmkln")]
transform = Transform3D(1, 0, 0, 0, 1, 0, 0, 0, 1, 5.62775, 0, 0.675323)
points = PackedVector2Array(-2.74681, -14.2359, -11.7429, 2.67054, -4.71028, 6.7206, 4.54311, -10.048)
height = 3.0

[node name="Spawns" type="Node3D" parent="CapturePointB"]

[node name="Team1" type="Node3D" parent="CapturePointB/Spawns"]

[node name="SpawnPoint" parent="CapturePointB/Spawns/Team1" instance=ExtResource("3_hiy7r")]
transform = Transform3D(0.985342, 0, 0.170588, 0, 1, 0, -0.170588, 0, 0.985342, -3.60867, -5.43544, -25.6791)

[node name="SpawnPoint2" parent="CapturePointB/Spawns/Team1" instance=ExtResource("3_hiy7r")]
transform = Transform3D(0.944147, 0, 0.329526, 0, 1, 0, -0.329526, 0, 0.944147, 13.8539, -6.23016, -21.0642)

[node name="SpawnPoint3" parent="CapturePointB/Spawns/Team1" instance=ExtResource("3_hiy7r")]
transform = Transform3D(-0.976466, 0, -0.215673, 0, 1, 0, 0.215673, 0, -0.976466, -29.2536, -2.72301, -13.8931)

[node name="SpawnPoint4" parent="CapturePointB/Spawns/Team1" instance=ExtResource("3_hiy7r")]
transform = Transform3D(0.826737, 0, -0.562588, 0, 1, 0, 0.562588, 0, 0.826737, -17.2747, -4.6908, -25.6613)

[node name="SpawnPoint5" parent="CapturePointB/Spawns/Team1" instance=ExtResource("3_hiy7r")]
transform = Transform3D(-0.0250258, 0, 0.999687, 0, 1, 0, -0.999687, 0, -0.0250258, -21.6805, -2.74356, -7.89919)

[node name="Team2" type="Node3D" parent="CapturePointB/Spawns"]

[node name="SpawnPoint" parent="CapturePointB/Spawns/Team2" instance=ExtResource("3_hiy7r")]
transform = Transform3D(0.265792, 0, 0.964031, 0, 1, 0, -0.964031, 0, 0.265792, -9.37396, 2.20331, 28.6728)

[node name="SpawnPoint2" parent="CapturePointB/Spawns/Team2" instance=ExtResource("3_hiy7r")]
transform = Transform3D(0.00403172, 0, 0.999992, 0, 1, 0, -0.999992, 0, 0.00403172, -28.4708, 1.13866, 21.4307)

[node name="SpawnPoint3" parent="CapturePointB/Spawns/Team2" instance=ExtResource("3_hiy7r")]
transform = Transform3D(-0.999797, 0, -0.0201568, 0, 1, 0, 0.0201568, 0, -0.999797, 43.2958, -6.32916, -5.30934)

[node name="SpawnPoint4" parent="CapturePointB/Spawns/Team2" instance=ExtResource("3_hiy7r")]
transform = Transform3D(-0.890554, 0, 0.454877, 0, 1, 0, -0.454877, 0, -0.890554, 7.80263, 0.582489, 35.3018)

[node name="SpawnPoint5" parent="CapturePointB/Spawns/Team2" instance=ExtResource("3_hiy7r")]
transform = Transform3D(-0.225632, 0, -0.974213, 0, 1, 0, 0.974213, 0, -0.225632, 29.496, -4.02745, 11.6265)

[node name="BarrierStoneBlock_01_A" parent="CapturePointB" instance=ExtResource("15_nojsv")]
transform = Transform3D(0.869685, 0, -0.493608, 0, 1, 0, 0.493608, 0, 0.869685, 0.411041, 3.30412, -2.50555)

[node name="CapturePointC" parent="." node_paths=PackedStringArray("CaptureArea", "InfantrySpawnPoints_Team1", "InfantrySpawnPoints_Team2") instance=ExtResource("19_1cbdc")]
transform = Transform3D(1, 0, 0, 0, 1, 0, 0, 0, 1, 178.813, 139.123, 188.155)
ObjId = 203
CaptureArea = NodePath("CaptureArea")
InfantrySpawnPoints_Team1 = [NodePath("Spawns/Team1/SpawnPoint"), NodePath("Spawns/Team1/SpawnPoint2"), NodePath("Spawns/Team1/SpawnPoint3"), NodePath("Spawns/Team1/SpawnPoint4"), NodePath("Spawns/Team1/SpawnPoint5")]
InfantrySpawnPoints_Team2 = [NodePath("Spawns/Team2/SpawnPoint"), NodePath("Spawns/Team2/SpawnPoint2"), NodePath("Spawns/Team2/SpawnPoint3"), NodePath("Spawns/Team2/SpawnPoint4"), NodePath("Spawns/Team2/SpawnPoint5")]

[node name="CaptureArea" parent="CapturePointC" instance=ExtResource("2_tmkln")]
points = PackedVector2Array(-1.63948, -5.63379, -6.06441, -0.341232, 5.3246, 8.40329, 10.3059, 2.52696)
height = 6.0

[node name="Spawns" type="Node3D" parent="CapturePointC"]

[node name="Team1" type="Node3D" parent="CapturePointC/Spawns"]

[node name="SpawnPoint" parent="CapturePointC/Spawns/Team1" instance=ExtResource("3_hiy7r")]
transform = Transform3D(0.904901, 0, 0.425621, 0, 1, 0, -0.425621, 0, 0.904901, -48.221, 2.89032, -15.761)

[node name="SpawnPoint2" parent="CapturePointC/Spawns/Team1" instance=ExtResource("3_hiy7r")]
transform = Transform3D(-0.971731, 0, 0.236092, 0, 1, 0, -0.236092, 0, -0.971731, -46.4086, 5.18184, 1.28229)

[node name="SpawnPoint3" parent="CapturePointC/Spawns/Team1" instance=ExtResource("3_hiy7r")]
transform = Transform3D(0.73152, 0, 0.68182, 0, 1, 0, -0.68182, 0, 0.73152, -38.8456, 4.18057, 15.6703)

[node name="SpawnPoint4" parent="CapturePointC/Spawns/Team1" instance=ExtResource("3_hiy7r")]
transform = Transform3D(-0.408745, 0, -0.912649, 0, 1, 0, 0.912649, 0, -0.408745, 10.4812, -0.794678, -32.9666)

[node name="SpawnPoint5" parent="CapturePointC/Spawns/Team1" instance=ExtResource("3_hiy7r")]
transform = Transform3D(0.644684, 0, -0.764449, 0, 1, 0, 0.764449, 0, 0.644684, 2.42703, -0.822952, -34.7823)

[node name="Team2" type="Node3D" parent="CapturePointC/Spawns"]

[node name="SpawnPoint" parent="CapturePointC/Spawns/Team2" instance=ExtResource("3_hiy7r")]
transform = Transform3D(-0.970506, 0, 0.241075, 0, 1, 0, -0.241075, 0, -0.970506, 25.7533, -0.819138, 13.9157)

[node name="SpawnPoint2" parent="CapturePointC/Spawns/Team2" instance=ExtResource("3_hiy7r")]
transform = Transform3D(-0.892444, 0, -0.451158, 0, 1, 0, 0.451158, 0, -0.892444, -7.31322, 3.06776, 38.0856)

[node name="SpawnPoint3" parent="CapturePointC/Spawns/Team2" instance=ExtResource("3_hiy7r")]
transform = Transform3D(0.897436, 0, -0.441146, 0, 1, 0, 0.441146, 0, 0.897436, 24.5109, -0.792267, -16.7006)

[node name="SpawnPoint4" parent="CapturePointC/Spawns/Team2" instance=ExtResource("3_hiy7r")]
transform = Transform3D(1, 0, 0, 0, 1, 0, 0, 0, 1, 16.7602, -0.82074, -26.9691)

[node name="SpawnPoint5" parent="CapturePointC/Spawns/Team2" instance=ExtResource("3_hiy7r")]
transform = Transform3D(-0.535237, 0, -0.844702, 0, 1, 0, 0.844702, 0, -0.535237, 26.9181, -0.793777, 21.1819)

[node name="Sector" parent="." node_paths=PackedStringArray("SectorArea", "CapturePoints") instance=ExtResource("20_q24fl")]
SectorArea = NodePath("../CombatArea/CombatVolume2")
CapturePoints = [NodePath("../CapturePointA"), NodePath("../CapturePointB"), NodePath("../CapturePointC")]

[node name="BarrierStoneBlock_01_E" parent="." instance=ExtResource("21_4xw1o")]
transform = Transform3D(0.126147, 0, 0.992012, 0, 1, 0, -0.992012, 0, 0.126147, 101.046, 121.265, 2.04753)

[node name="RestrictedAreas" type="Node3D" parent="."]

[node name="AreaTrigger" parent="RestrictedAreas" node_paths=PackedStringArray("Area") instance=ExtResource("9_8tati")]
transform = Transform3D(1, 0, 0, 0, 1, 0, 0, 0, 1, 127.922, 0, 90.5496)
ObjId = 20001
Area = NodePath("../PolygonVolume")

[node name="PolygonVolume" parent="RestrictedAreas" instance=ExtResource("2_tmkln")]
transform = Transform3D(1, 0, 0, 0, 1, 0, 0, 0, 1, 103.893, 135.54, 62.7018)
points = PackedVector2Array(-0.970383, -8.82327, -8.15839, 3.89949, 1.04227, 8.85921, 8.0865, -3.93543)
height = 8.0

[node name="AreaTrigger2" parent="RestrictedAreas" node_paths=PackedStringArray("Area") instance=ExtResource("9_8tati")]
transform = Transform3D(1, 0, 0, 0, 1, 0, 0, 0, 1, 127.922, 0, 90.5496)
ObjId = 20002
Area = NodePath("../PolygonVolume2")

[node name="PolygonVolume2" parent="RestrictedAreas" instance=ExtResource("2_tmkln")]
transform = Transform3D(1, 0, 0, 0, 1, 0, 0, 0, 1, 131.634, 132.896, 56.9628)
points = PackedVector2Array(-1.1777, -9.048, -8.33458, 3.72565, 1.22301, 9.07064, 8.28928, -3.74829)
height = 6.0

[node name="AreaTrigger3" parent="RestrictedAreas" node_paths=PackedStringArray("Area") instance=ExtResource("9_8tati")]
transform = Transform3D(1, 0, 0, 0, 1, 0, 0, 0, 1, 127.922, 0, 90.5496)
ObjId = 20003
Area = NodePath("../PolygonVolume3")

[node name="PolygonVolume3" parent="RestrictedAreas" instance=ExtResource("2_tmkln")]
transform = Transform3D(1, 0, 0, 0, 1, 0, 0, 0, 1, 118.343, 136.955, 98.0714)
points = PackedVector2Array(-3.60592, -8.01756, -8.73082, 1.01705, 3.57951, 7.93831, 8.75723, -0.937803)
height = 6.0

[node name="AreaTrigger4" parent="RestrictedAreas" node_paths=PackedStringArray("Area") instance=ExtResource("9_8tati")]
transform = Transform3D(1, 0, 0, 0, 1, 0, 0, 0, 1, 127.922, 0, 90.5496)
ObjId = 20004
Area = NodePath("../PolygonVolume4")

[node name="PolygonVolume4" parent="RestrictedAreas" instance=ExtResource("2_tmkln")]
transform = Transform3D(1, 0, 0, 0, 1, 0, 0, 0, 1, 124.862, 137.351, 71.462)
points = PackedVector2Array(-4.62298, -8.5591, -9.8007, 9.53674e-07, 4.62297, 8.45343, 9.80071, 0.105668)
height = 6.0

[node name="AreaTrigger6" parent="RestrictedAreas" node_paths=PackedStringArray("Area") instance=ExtResource("9_8tati")]
transform = Transform3D(1, 0, 0, 0, 1, 0, 0, 0, 1, 127.922, 0, 90.5496)
ObjId = 20006
Area = NodePath("../PolygonVolume6")

[node name="PolygonVolume6" parent="RestrictedAreas" instance=ExtResource("2_tmkln")]
transform = Transform3D(1, 0, 0, 0, 1, 0, 0, 0, 1, 97.5962, 145.031, 107.351)
points = PackedVector2Array(-1.23883, -10.713, -10.0931, 3.07325, 1.07445, 10.6457, 10.2575, -3.00593)
height = 6.0

[node name="AreaTrigger7" parent="RestrictedAreas" node_paths=PackedStringArray("Area") instance=ExtResource("9_8tati")]
transform = Transform3D(1, 0, 0, 0, 1, 0, 0, 0, 1, 127.922, 0, 90.5496)
ObjId = 20007
Area = NodePath("../PolygonVolume7")

[node name="PolygonVolume7" parent="RestrictedAreas" instance=ExtResource("2_tmkln")]
transform = Transform3D(1, 0, 0, 0, 1, 0, 0, 0, 1, 79.928, 137.049, 77.9084)
points = PackedVector2Array(-5.10349, -7.79899, -8.76937, 2.91114, 5.03161, 7.65524, 8.84126, -2.76739)
height = 8.0

[node name="AreaTrigger8" parent="RestrictedAreas" node_paths=PackedStringArray("Area") instance=ExtResource("9_8tati")]
transform = Transform3D(1, 0, 0, 0, 1, 0, 0, 0, 1, 127.922, 0, 90.5496)
ObjId = 20008
Area = NodePath("../PolygonVolume8")

[node name="PolygonVolume8" parent="RestrictedAreas" instance=ExtResource("2_tmkln")]
transform = Transform3D(1, 0, 0, 0, 1, 0, 0, 0, 1, 59.5427, 140.969, 83.9571)
points = PackedVector2Array(-1.91834, -8.95136, -8.14655, 4.27555, 1.83908, 9.08345, 8.2258, -4.40763)
height = 6.0

[node name="AreaTrigger9" parent="RestrictedAreas" node_paths=PackedStringArray("Area") instance=ExtResource("9_8tati")]
transform = Transform3D(1, 0, 0, 0, 1, 0, 0, 0, 1, 127.922, 0, 90.5496)
ObjId = 20009
Area = NodePath("../PolygonVolume9")

[node name="PolygonVolume9" parent="RestrictedAreas" instance=ExtResource("2_tmkln")]
transform = Transform3D(1, 0, 0, 0, 1, 0, 0, 0, 1, 131.401, 136.89, 104.52)
points = PackedVector2Array(-1.63068, -8.68563, -7.83632, 4.26921, 1.63067, 8.5271, 7.83633, -4.11068)
height = 6.0

[node name="AreaTrigger10" parent="RestrictedAreas" node_paths=PackedStringArray("Area") instance=ExtResource("9_8tati")]
transform = Transform3D(1, 0, 0, 0, 1, 0, 0, 0, 1, 127.922, 0, 90.5496)
ObjId = 20010
Area = NodePath("../PolygonVolume10")

[node name="PolygonVolume10" parent="RestrictedAreas" instance=ExtResource("2_tmkln")]
transform = Transform3D(1, 0, 0, 0, 1, 0, 0, 0, 1, 176.649, 137.142, 93.1982)
points = PackedVector2Array(-0.893578, -8.96653, -8.10377, 3.85161, 0.955193, 8.96653, 8.04215, -3.8516)
height = 6.0

[node name="AreaTrigger11" parent="RestrictedAreas" node_paths=PackedStringArray("Area") instance=ExtResource("9_8tati")]
transform = Transform3D(1, 0, 0, 0, 1, 0, 0, 0, 1, 127.922, 0, 90.5496)
ObjId = 20011
Area = NodePath("../PolygonVolume11")

[node name="PolygonVolume11" parent="RestrictedAreas" instance=ExtResource("2_tmkln")]
transform = Transform3D(1, 0, 0, 0, 1, 0, 0, 0, 1, 195.421, 134.711, 94.7913)
points = PackedVector2Array(-1.24271, -8.99021, -8.85429, -1.61164, 1.12621, 9.02905, 8.97079, 1.5728)
height = 6.0

[node name="AreaTrigger12" parent="RestrictedAreas" node_paths=PackedStringArray("Area") instance=ExtResource("9_8tati")]
transform = Transform3D(1, 0, 0, 0, 1, 0, 0, 0, 1, 127.922, 0, 90.5496)
ObjId = 20012
Area = NodePath("../PolygonVolume12")

[node name="PolygonVolume12" parent="RestrictedAreas" instance=ExtResource("2_tmkln")]
transform = Transform3D(1, 0, 0, 0, 1, 0, 0, 0, 1, 84.6524, 144.071, 121.569)
points = PackedVector2Array(-1.768, -9.15371, -8.6119, 4.07781, 1.99613, 9.43888, 8.38377, -4.36298)
height = 6.0

[node name="AreaTrigger13" parent="RestrictedAreas" node_paths=PackedStringArray("Area") instance=ExtResource("9_8tati")]
transform = Transform3D(1, 0, 0, 0, 1, 0, 0, 0, 1, 127.922, 0, 90.5496)
ObjId = 20013
Area = NodePath("../PolygonVolume13")

[node name="PolygonVolume13" parent="RestrictedAreas" instance=ExtResource("2_tmkln")]
transform = Transform3D(1, 0, 0, 0, 1, 0, 0, 0, 1, 115.953, 140.595, 121.836)
points = PackedVector2Array(-9.02819, -11.5133, -13.861, -1.15724, -14.0682, 12.7199, -7.99258, 18.7955, 2.43254, 19.2788, 7.4725, 11.8914, 13.8933, 0.568771, 12.2363, -6.47337, 2.0183, -14.413)
height = 20.0

[node name="AreaTrigger14" parent="RestrictedAreas" node_paths=PackedStringArray("Area") instance=ExtResource("9_8tati")]
transform = Transform3D(1, 0, 0, 0, 1, 0, 0, 0, 1, 152.266, 0, 99.0506)
ObjId = 20014
Area = NodePath("../PolygonVolume14")

[node name="PolygonVolume14" parent="RestrictedAreas" instance=ExtResource("2_tmkln")]
transform = Transform3D(1, 0, 0, 0, 1, 0, 0, 0, 1, 146.088, 137.974, 131.982)
points = PackedVector2Array(-11.6939, -4.31201, -17.5446, 10.6506, -12.6997, 18.2882, -4.24258, 16.3743, 5.14864, 10.6637, 12.3547, 0.971085, 10.1929, -8.07018, 6.59985, -12.1714, -0.0782928, -14.1008, -4.49329, -10.447)
height = 13.0

[node name="BarrierStoneBlock_01_F" parent="." instance=ExtResource("11_2gbve")]
transform = Transform3D(0.80537, 0, -0.592772, 0, 1, 0, 0.592772, 0, 0.80537, 228.56, 142.769, 257.149)

[node name="BarrierStoneBlock_01_F2" parent="." instance=ExtResource("11_2gbve")]
transform = Transform3D(0.80537, 0, -0.592772, 0, 1, 0, 0.592772, 0, 0.80537, 230.1, 142.769, 255.037)

[node name="BarrierStoneBlock_01_F3" parent="." instance=ExtResource("11_2gbve")]
transform = Transform3D(0.80537, 0, -0.592772, 0, 1, 0, 0.592772, 0, 0.80537, 231.79, 142.483, 252.973)

[node name="BarrierStoneBlock_01_F4" parent="." instance=ExtResource("11_2gbve")]
transform = Transform3D(0.80537, 0, -0.592772, 0, 1, 0, 0.592772, 0, 0.80537, 234.71, 141.682, 249.07)

[node name="BarrierStoneBlock_01_F6" parent="." instance=ExtResource("11_2gbve")]
transform = Transform3D(0.928272, 0, -0.371903, 0, 1, 0, 0.371903, 0, 0.928272, 235.94, 141.224, 247.145)

[node name="BarrierStoneBlock_01_F7" parent="." instance=ExtResource("11_2gbve")]
transform = Transform3D(0.928272, 0, -0.371903, 0, 1, 0, 0.371903, 0, 0.928272, 236.84, 141.224, 244.706)

[node name="BarrierStoneBlock_01_F8" parent="." instance=ExtResource("11_2gbve")]
transform = Transform3D(0.928272, 0, -0.371903, 0, 1, 0, 0.371903, 0, 0.928272, 201.03, 142.358, 253.621)

[node name="BarrierStoneBlock_01_F5" parent="." instance=ExtResource("11_2gbve")]
transform = Transform3D(0.80537, 0, -0.592772, 0, 1, 0, 0.592772, 0, 0.80537, 233.13, 141.682, 251.002)

[node name="BarrierStoneBlock_01_E2" parent="." instance=ExtResource("21_4xw1o")]
transform = Transform3D(0.551719, 0, 0.83403, 0, 1, 0, -0.83403, 0, 0.551719, 172.744, 134.211, 99.007)

[node name="BarrierStoneBlock_01_E3" parent="." instance=ExtResource("21_4xw1o")]
transform = Transform3D(0.485161, 0, 0.874425, 0, 1, 0, -0.874425, 0, 0.485161, 100.303, 132.483, 68.7826)

[node name="TEAM_1_HQ2" parent="." node_paths=PackedStringArray("HQArea", "InfantrySpawns") instance=ExtResource("1_v0gg2")]
transform = Transform3D(1, 0, 0, 0, 1, 0, 0, 0, 1, -38.4351, 134.639, 91.7063)
AltTeam = 0
ObjId = 1
HQArea = NodePath("HQ_Team1")
InfantrySpawns = [NodePath("SpawnPoint_1_1"), NodePath("SpawnPoint_1_2"), NodePath("SpawnPoint_1_3")]

[node name="HQ_Team1" parent="TEAM_1_HQ2" instance=ExtResource("2_tmkln")]
transform = Transform3D(1, 0, 0, 0, 1, 0, 0, 0, 1, 40.05, 30, -25.056)
points = PackedVector2Array(54.0598, -24.4092, 72.4745, -71.7894, -69.6209, -46.0217, -44.2714, 52.9004, 9.53177, 41.7137, 46.6693, 52.1583)

[node name="SpawnPoint_1_1" parent="TEAM_1_HQ2" instance=ExtResource("3_hiy7r")]
transform = Transform3D(-0.627664, 0, 0.778484, 0, 1, 0, -0.778484, 0, -0.627664, 17.5991, 0.761734, 10.1574)

[node name="SpawnPoint_1_2" parent="TEAM_1_HQ2" instance=ExtResource("3_hiy7r")]
transform = Transform3D(-0.990251, 0, -0.139294, 0, 1, 0, 0.139294, 0, -0.990251, 2.81514, -0.169357, 8.30337)

[node name="SpawnPoint_1_3" parent="TEAM_1_HQ2" instance=ExtResource("3_hiy7r")]
transform = Transform3D(-0.988832, 0, -0.149035, 0, 1, 0, 0.149035, 0, -0.988832, -1.65164, 0.80484, -10.9908)

[node name="InteractArea" parent="TEAM_1_HQ2" instance=ExtResource("4_qonuk")]
transform = Transform3D(-0.150847, 0, 0.988557, 0, 1, 0, -0.988557, 0, -0.150847, 0, -0.197586, -0.920288)

[node name="InteractPointChangeTeam" parent="TEAM_1_HQ2/InteractArea" instance=ExtResource("5_k3p0m")]
transform = Transform3D(1, 0, 0, 0, 1, 0, 0, 0, 1, 3, 1, 0)
ObjId = 2001

[node name="WorldIcon" type="Node3D" parent="TEAM_1_HQ2/InteractArea/InteractPointChangeTeam"]
script = ExtResource("6_8g5rc")
ObjId = 5001
iconTextVisible = true
iconColor = [0.0, 1.0, 0.0]
iconImagePicker = 6
iconImageVisible = true
iconTeamOwnerId = 1

[node name="InteractPointReady" parent="TEAM_1_HQ2/InteractArea" instance=ExtResource("5_k3p0m")]
transform = Transform3D(-4.37114e-08, 0, 1, 0, 1, 0, -1, 0, -4.37114e-08, -3, 1, 0)
ObjId = 2002

[node name="WorldIcon" type="Node3D" parent="TEAM_1_HQ2/InteractArea/InteractPointReady"]
script = ExtResource("6_8g5rc")
ObjId = 5002
iconTextVisible = true
iconColor = [0.0, 0.5, 1.0]
iconImagePicker = 7
iconImageVisible = true
iconTeamOwnerId = 1

[node name="InteractPointSpectate" parent="TEAM_1_HQ2/InteractArea" instance=ExtResource("5_k3p0m")]
transform = Transform3D(0.971147, 0, 0.238483, 0, 1, 0, -0.238483, 0, 0.971147, -25.6777, 1.94797, 3.59914)
ObjId = 6001

[node name="WorldIcon" parent="TEAM_1_HQ2/InteractArea" instance=ExtResource("7_ktpht")]
transform = Transform3D(1, 0, 0, 0, 1, 0, 0, 0, 1, 0, 2, 0)
ObjId = 5011
iconTextVisible = true
iconColor = [0.0, 0.0, 1.0]
iconImagePicker = 7
iconTeamOwnerId = 1

[node name="AreaTrigger" parent="TEAM_1_HQ2" node_paths=PackedStringArray("Area") instance=ExtResource("9_8tati")]
transform = Transform3D(1, 0, 0, 0, 1, 0, 0, 0, 1, 0, 0, 3.93731)
ObjId = 7001
Area = NodePath("../HQ_Team1")

[node name="MBTSpawner" parent="TEAM_1_HQ2" instance=ExtResource("8_ynso5")]
transform = Transform3D(-1, 0, -8.74228e-08, 0, 1, 0, 8.74228e-08, 0, -1, 11.7974, 0.409607, -3.19315)
ObjId = 701
P_DefaultRespawnTime = 120

[node name="TransportSpawner" parent="TEAM_1_HQ2" instance=ExtResource("8_ynso5")]
transform = Transform3D(-0.258819, 0, 0.965926, 0, 1, 0, -0.965926, 0, -0.258819, 9.62229, 0.356079, -9.99993)
ObjId = 703
VehicleType = 13
P_DefaultRespawnTime = 30
P_KeepAliveAbandonRadius = 10

[node name="TEAM_2_HQ2" parent="." node_paths=PackedStringArray("HQArea", "InfantrySpawns") instance=ExtResource("1_v0gg2")]
transform = Transform3D(1, 0, 0, 0, 1, 0, 0, 0, 1, 234.301, 144.187, 308.503)
Team = 2
AltTeam = 0
ObjId = 2
HQArea = NodePath("HQ_Team2")
InfantrySpawns = [NodePath("SpawnPoint_2_1"), NodePath("SpawnPoint_2_2"), NodePath("SpawnPoint_2_3")]

[node name="SpawnPoint_2_1" parent="TEAM_2_HQ2" instance=ExtResource("3_hiy7r")]
transform = Transform3D(-0.491193, 0, -0.871051, 0, 1, 0, 0.871051, 0, -0.491193, 6.98703, 0.0944824, -1.25427)

[node name="SpawnPoint_2_2" parent="TEAM_2_HQ2" instance=ExtResource("3_hiy7r")]
transform = Transform3D(-0.925123, 0, -0.379666, 0, 1, 0, 0.379666, 0, -0.925123, -5.4537, 1.20016, -11.6549)

[node name="SpawnPoint_2_3" parent="TEAM_2_HQ2" instance=ExtResource("3_hiy7r")]
transform = Transform3D(-0.96883, 0, 0.247726, 0, 1, 0, -0.247726, 0, -0.96883, 12.6617, 0.0428467, -4.54181)

[node name="InteractArea" parent="TEAM_2_HQ2" instance=ExtResource("4_qonuk")]
transform = Transform3D(0.620204, 0, 0.784441, 0, 1, 0, -0.784441, 0, 0.620204, 0, 0, 0)

[node name="InteractPointChangeTeam" parent="TEAM_2_HQ2/InteractArea" instance=ExtResource("5_k3p0m")]
transform = Transform3D(1, 0, 0, 0, 1, 0, 0, 0, 1, -3, 1, 0)
ObjId = 2003

[node name="WorldIcon" type="Node3D" parent="TEAM_2_HQ2/InteractArea/InteractPointChangeTeam"]
script = ExtResource("6_8g5rc")
ObjId = 5003
iconTextVisible = true
iconColor = [0.0, 1.0, 0.0]
iconImagePicker = 6
iconImageVisible = true
iconTeamOwnerId = 2

[node name="InteractPointReady" parent="TEAM_2_HQ2/InteractArea" instance=ExtResource("5_k3p0m")]
transform = Transform3D(-4.37114e-08, 0, 1, 0, 1, 0, -1, 0, -4.37114e-08, 3, 1, 0)
ObjId = 2004

[node name="WorldIcon" type="Node3D" parent="TEAM_2_HQ2/InteractArea/InteractPointReady"]
script = ExtResource("6_8g5rc")
ObjId = 5004
iconTextVisible = true
iconColor = [0.0, 0.5, 1.0]
iconImagePicker = 7
iconImageVisible = true
iconTeamOwnerId = 2

[node name="WorldIcon" parent="TEAM_2_HQ2/InteractArea" instance=ExtResource("7_ktpht")]
transform = Transform3D(1, 0, 0, 0, 1, 0, 0, 0, 1, 0, 2, 0)
ObjId = 5012
iconTextVisible = true
iconColor = [0.0, 0.0, 1.0]
iconImagePicker = 7
iconTeamOwnerId = 2

[node name="AreaTrigger2" parent="TEAM_2_HQ2" node_paths=PackedStringArray("Area") instance=ExtResource("9_8tati")]
transform = Transform3D(1, 0, 0, 0, 1, 0, 0, 0, 1, -11.3925, -6.19859, -11.3767)
ObjId = 7002
Area = NodePath("../HQ_Team2")

[node name="HQ_Team2" parent="TEAM_2_HQ2" instance=ExtResource("2_tmkln")]
transform = Transform3D(1, 0, 0, 0, 1, 0, 0, 0, 1, -1.751, 50, -45.233)
points = PackedVector2Array(38.35, 50.9774, 17.1772, -37.5137, -15.2457, -32.9441, -52.8102, 5.04831, -9.96313, 65.4713)

[node name="MBTSpawner" parent="TEAM_2_HQ2" instance=ExtResource("8_ynso5")]
transform = Transform3D(-0.866026, 0, 0.5, 0, 1, 0, -0.5, 0, -0.866026, 1.90082, 1.52629, -16.2036)
ObjId = 702
VehicleType = 1
P_DefaultRespawnTime = 120

[node name="TransportSpawner" parent="TEAM_2_HQ2" instance=ExtResource("8_ynso5")]
transform = Transform3D(-0.866025, 0, 0.5, 0, 1, 0, -0.5, 0, -0.866025, 2.83899, 0.530884, -11.1518)
ObjId = 704
VehicleType = 9
P_DefaultRespawnTime = 30
P_KeepAliveAbandonRadius = 10
